-36.413002,-132.37544,2721.5776
-35.72321,-133.19342,2722.0857
-34.854954,-132.30359,2715.4106
-36.166477,-132.38503,2713.1365
-38.590378,-140.1416,2703.534
-47.4721,-142.4318,2692.3364
-51.721043,-144.73872,2683.0693
-61.268528,-147.37433,2672.3254
-70.11327,-146.97635,2665.6511
-82.97691,-145.25327,2655.9233
-93.74608,-137.4295,2641.1782
-110.58679,-132.75284,2633.3906
-125.6072,-143.40404,2619.6714
-135.51811,-147.7811,2610.1853
-148.81259,-152.03311,2602.4192
-164.72476,-144.49759,2575.489
-169.33002,-135.6037,2557.1182
-198.50107,-122.7757,2551.6484
-206.02528,-131.33165,2545.702
-211.33098,-141.17867,2541.1929
-213.16977,-145.10014,2538.926
-218.16653,-144.99907,2532.8682
-234.09843,-140.73611,2526.8032
-230.98364,-138.32214,2527.1494
-238.39046,-136.12431,2522.4336
-243.5594,-135.97264,2515.1172
-248.01138,-134.48575,2503.876
-247.72481,-130.47023,2491.9233
-248.75816,-124.22864,2492.3748
-250.72598,-123.79456,2484.9688
-252.62462,-126.00103,2480.2964
-253.53137,-127.22265,2476.1116
-252.96901,-131.81711,2471.217
-249.99193,-132.94183,2469.2097
-239.93243,-136.8742,2462.484
-228.27676,-134.20747,2447.9097
-222.48799,-135.55981,2447.3696
-215.00278,-133.19089,2444.2354
-210.88997,-132.32681,2440.4722
-204.50156,-132.92108,2438.403
-199.91246,-134.1515,2436.634
-193.45613,-134.78868,2433.7495
-187.75487,-136.33897,2431.3708
-181.86913,-139.24922,2428.2126
-177.16728,-142.12341,2425.4805
-162.8034,-138.86739,2419.139
-163.21687,-136.72397,2417.976
-161.52454,-135.884,2417.5981
-154.38385,-136.50085,2416.5813
-157.06657,-138.02048,2419.4426
-157.6995,-137.61543,2421.819
-154.63768,-137.06808,2422.948
-153.92114,-135.43715,2423.3613
-153.3995,-135.01187,2428.5134
-154.94695,-133.36043,2431.262
-156.73329,-134.52191,2432.1187
-158.91208,-135.65866,2433.8542
-165.78932,-136.91595,2437.8582
-170.16406,-128.8923,2445.7202
-180.26459,-118.95957,2450.9531
-187.38763,-119.675415,2454.5352
-191.27832,-125.33642,2463.9885
-193.80681,-124.32969,2469.0715
-201.47087,-114.172165,2478.6692
-212.23282,-120.62428,2492.58
-216.26135,-122.36105,2494.6416
-224.65923,-124.455284,2502.1357
-239.23024,-126.82395,2524.4824
-235.05136,-129.80995,2528.3567
-226.30338,-126.5019,2533.2876
-226.47432,-126.183685,2531.7708
-219.2247,-126.872444,2535.0605
-213.68477,-125.55264,2534.9656
-211.65306,-137.44504,2546.95
-210.62108,-149.63235,2565.8528
-204.43494,-158.16986,2576.6062
-190.34373,-164.7471,2579.5823
-188.41115,-168.0678,2583.39
-174.7713,-168.29813,2606.7964
-161.95744,-171.5119,2617.4324
-147.37735,-171.33673,2630.449
-131.46066,-170.33153,2647.6118
-124.21542,-166.30293,2657.4502
-119.48327,-164.75162,2663.0554
-113.58119,-176.9479,2672.0774
-104.37619,-178.77261,2696.9192
-101.09818,-175.3577,2709.5771
-106.564644,-166.39728,2733.0422
-103.21961,-152.20964,2742.0044
-90.49986,-145.10777,2749.1755
-85.0294,-142.20978,2752.406
-79.966034,-148.02406,2759.4983
-84.33397,-149.08972,2763.25
-87.569244,-157.43806,2772.2476
-85.96228,-163.0293,2780.4482
-89.377785,-164.53995,2789.6462
-94.28308,-166.29707,2794.6619
-102.68956,-169.97154,2808.6335
-111.54164,-168.75609,2817.3496
-129.77605,-174.96497,2833.5554
-136.95924,-180.2483,2843.2148
-140.86119,-179.30779,2846.4102
-150.17743,-169.32584,2851.6018
-167.21655,-169.41246,2860.817
-175.11194,-166.41124,2861.6584
-184.87352,-173.72032,2864.0203
-202.49042,-174.24585,2869.075
-205.1908,-168.47742,2873.302
-216.8891,-163.6614,2879.782
-223.68878,-166.31517,2884.613
-245.09634,-170.7213,2894.202
-255.14687,-172.23135,2902.224
-258.47003,-175.17781,2909.3708
-262.12366,-178.23767,2912.1013
-265.38275,-177.63705,2911.1982
-266.8737,-177.24881,2914.6282
-268.00946,-176.08943,2915.8179
-268.05563,-157.9991,2915.3748
-267.92648,-165.73987,2919.536
-268.76746,-170.43765,2920.2783
-267.54892,-172.64326,2920.9868
-253.95944,-176.15276,2928.1475
-245.98512,-178.2975,2930.809
-248.38345,-178.03925,2929.9744
-241.40793,-180.082,2932.139
-233.34467,-181.67287,2925.8696
-227.21558,-179.86867,2923.26
-211.38663,-187.31326,2923.2214
-199.70299,-199.561,2931.4297
-189.37598,-202.10341,2941.6494
-183.45068,-203.4934,2947.4849
-178.50072,-203.31787,2951.0366
-171.34747,-198.46877,2953.9133
-157.8639,-187.5436,2954.003
-151.02492,-183.86615,2951.196
-151.31194,-182.39789,2950.7666
-151.4434,-177.23306,2950.1855
-150.00832,-173.20767,2946.8264
-147.97752,-171.02673,2936.855
-146.21675,-170.29965,2935.7046
-145.89247,-164.93228,2939.9678
-145.10703,-165.51341,2940.8535
-144.21867,-164.5974,2940.4387
-142.45647,-164.42853,2939.4194
-142.20894,-164.72882,2938.5752
-141.65628,-169.72263,2936.0925
-141.83762,-169.10689,2937.2393
-143.13884,-168.83322,2934.2485
-147.77327,-174.7112,2934.5833
-147.43442,-173.17686,2936.9912
-147.95659,-172.1134,2938.3367
-149.09644,-172.45703,2938.7078
-154.0119,-176.09201,2938.0623
-161.11693,-178.94974,2936.4792
-166.34105,-180.83688,2935.5835
-169.79424,-180.10645,2937.0674
-191.23631,-170.36375,2924.033
-196.01718,-170.13809,2922.8486
-201.22299,-172.28024,2919.29
-225.59415,-173.79416,2918.8157
-220.0504,-186.258,2918.925
-218.31284,-182.12067,2918.5964
-225.42519,-179.42023,2919.0398
-222.96231,-178.18791,2917.968
-224.67126,-178.88342,2908.3867
-248.57245,-182.01201,2891.9998
-242.05675,-180.7497,2892.4177
-240.14986,-179.8717,2894.2776
-248.29736,-178.05273,2890.0605
-251.69766,-173.92986,2888.2493
-255.46867,-172.67223,2885.76
-254.10416,-173.50291,2883.808
-256.91782,-174.41365,2881.5735
-259.05417,-174.44298,2880.2878
-261.2356,-171.47614,2880.3296
-262.9366,-167.4471,2879.4082
-264.2356,-168.42354,2877.5234
-264.7853,-166.76324,2877.5369
-264.86603,-162.04251,2879.2075
-265.08105,-162.60217,2878.27
-266.1233,-157.49812,2876.422
-265.00018,-159.2985,2877.7656
-263.72833,-157.34229,2876.0964
-262.67847,-158.00989,2878.0903
-262.66748,-156.03683,2880.2556
-261.53973,-153.93073,2882.214
-260.68466,-153.9253,2883.4585
-254.56358,-153.59283,2885.2444
-244.56236,-160.41022,2889.868
-246.52357,-163.28183,2887.53
-243.43481,-168.91104,2888.3843
-234.34773,-172.65764,2890.1794
-214.11412,-173.09303,2889.6104
-215.72296,-169.90715,2891.0303
-215.35603,-168.76208,2895.594
-214.80453,-167.82462,2893.5957
-215.2695,-166.05763,2891.853
-217.04596,-164.40567,2892.3535
-215.82333,-163.75171,2891.7783
-215.22838,-162.0604,2890.3542
-217.09184,-160.56415,2890.0994
-231.38136,-154.40866,2897.1865
-226.5902,-155.66139,2893.3618
-223.84064,-156.46205,2892.1853
-223.20708,-156.11887,2888.7722
-222.83546,-156.32437,2887.9575
-223.68875,-153.00528,2889.2153
-224.72319,-152.76495,2891.9133
-233.07278,-148.62534,2900.654
-234.52269,-144.62633,2899.6616
-232.38686,-139.25755,2896.7175
-236.52238,-137.37634,2895.407
-236.96736,-131.8916,2887.2917
-238.6923,-135.51239,2893.5984
-238.96315,-138.97665,2902.083
-236.70573,-138.0319,2899.7441
-240.48006,-137.40967,2900.461
-242.12346,-139.4021,2901.566
-243.48604,-135.15527,2900.754
-240.80206,-124.61307,2888.682
-242.74693,-113.874886,2881.201
-240.8184,-113.030655,2879.9727
-239.03436,-114.14084,2878.2263
-235.57753,-115.1161,2874.3027
-232.9604,-116.39479,2874.47
-231.90723,-117.59257,2874.426
-230.06024,-119.098145,2872.9067
-229.5139,-124.290955,2874.8154
-230.12617,-131.38821,2876.341
-228.98416,-132.1422,2878.4858
-228.53874,-133.31737,2878.5754
-228.86934,-137.69824,2885.789
-227.6542,-132.46793,2880.181
-216.80618,-128.54733,2873.8145
-220.5987,-127.556564,2873.4644
-219.86015,-128.17245,2873.7637
-208.48515,-136.6301,2875.7415
-204.87813,-137.5314,2873.5354
-204.13506,-132.40973,2872.0684
-202.47237,-131.29846,2870.528
-204.73555,-131.07115,2869.959
-215.02481,-139.36823,2847.5576
-227.3736,-116.01679,2833.515
-228.62154,-100.37675,2817.7334
-226.8128,-93.40297,2806.7188
-225.9979,-88.62896,2799.798
-222.84802,-85.59143,2794.0679
-221.09415,-88.20755,2795.6528
-215.45238,-89.8742,2789.0366
-209.1557,-89.07376,2784.4805
-203.23997,-92.93843,2787.9065
-200.74393,-100.25928,2797.281
-197.97571,-104.79271,2799.0535
-196.75282,-105.89141,2799.1936
-198.09134,-104.79489,2798.5996
-193.09789,-99.7991,2790.421
-188.99417,-100.056274,2785.005
-187.63083,-97.9791,2782.0818
-188.08755,-103.75203,2787.714
-185.92311,-109.00562,2791.7942
-181.57861,-109.82303,2786.8105
-182.31238,-112.7274,2791.8545
-182.31526,-112.58796,2796.2095
-181.01036,-115.49074,2797.142
-175.89244,-116.74094,2790.6113
-175.39258,-118.00003,2791.482
-174.99756,-118.97409,2794.2354
-174.69188,-123.12806,2798.3562
-168.67459,-125.17016,2794.8884
-162.77332,-126.956436,2794.7302
-160.3769,-128.22476,2795.3708
-157.41171,-129.5217,2795.5198
-153.8222,-133.19035,2799.6423
-149.85982,-135.05551,2801.41
-148.03795,-137.55132,2805.933
-145.96269,-141.41866,2808.4258
-145.47754,-143.71957,2810.3022
-145.05798,-144.07405,2809.7092
-152.77292,-146.56725,2816.7937
-151.8418,-144.71243,2808.6028
-158.08524,-143.12141,2812.6804
-159.63928,-146.5487,2816.0898
-156.23138,-148.0118,2811.3342
-159.63367,-148.08902,2814.7185
-161.01782,-146.00734,2815.0566
-158.24867,-145.54335,2808.4626
-161.00064,-145.0599,2810.3987
-160.10977,-143.12346,2810.886
-165.24867,-140.43738,2814.9363
-163.96667,-141.5855,2810.098
-160.58961,-140.95541,2805.846
-155.32803,-142.15677,2801.4497
-155.24203,-138.48639,2805.2617
-148.92534,-138.96896,2805.8445
-139.35468,-139.77826,2800.6455
-130.18112,-142.32346,2798.1824
-118.6414,-144.13498,2797.7825
-106.92085,-145.79753,2797.5146
-96.05382,-143.95465,2798.3591
-89.512215,-138.34317,2802.3586
-79.86216,-136.17336,2797.1392
-70.76496,-137.38043,2797.1973
-61.297333,-135.70998,2797.9966
-51.582626,-135.37347,2795.9941
-42.722237,-135.80016,2792.6416
-36.507774,-138.53532,2799.7532
-32.479286,-139.30829,2802.2124
-20.97953,-141.24347,2801.3762
-14.599205,-141.6219,2803.499
-10.271744,-140.5674,2803.8633
-6.491371,-139.6409,2803.902
-3.2980804,-139.40654,2802.256
5.895439,-142.83688,2805.9272
21.597733,-151.92038,2826.2083
28.453606,-152.07349,2843.2092
33.97458,-150.94019,2850.9204
45.77639,-152.12704,2866.9546
53.843925,-149.50713,2875.8057
60.70993,-146.22011,2883.9465
69.04649,-145.93489,2887.0037
73.75168,-143.39377,2889.4138
82.41825,-139.2468,2884.7456
91.54462,-137.21692,2881.3105
94.563995,-133.8637,2881.404
107.82907,-132.39102,2883.012
114.57988,-133.48851,2879.4468
118.20419,-132.54298,2877.2808
118.63817,-130.09024,2875.5154
126.337265,-131.2948,2871.6914
130.94331,-130.64496,2864.15
134.02827,-132.05399,2860.049
154.39853,-132.07062,2853.1985
158.35568,-131.72018,2845.3706
160.59001,-134.93262,2838.1873
167.69165,-138.27173,2830.4685
176.69049,-144.35083,2827.25
179.29536,-151.46681,2826.284
181.82483,-157.86725,2827.2683
189.68625,-164.20311,2827.7769
191.9808,-168.89273,2827.0261
182.81302,-177.538,2832.862
180.85652,-183.32207,2836.5896
177.91252,-186.73041,2831.2766
173.78369,-194.78876,2827.3452
172.35805,-202.42186,2827.0315
169.82376,-208.60934,2824.0737
166.70505,-217.73944,2831.8625
159.14386,-226.85493,2836.3257
150.7662,-235.27283,2835.1135
147.7709,-243.95128,2838.4678
142.53023,-250.7849,2839.0168
136.54648,-257.69794,2827.6702
132.78717,-264.04514,2829.018
131.78146,-271.4963,2829.0903
128.88165,-276.59695,2824.8462
129.04846,-279.18744,2820.1082
129.12729,-283.62408,2813.2053
124.38292,-287.04214,2809.6277
120.66189,-293.17386,2814.1924
114.89797,-298.29727,2815.4607
110.66141,-300.0236,2806.306
108.44349,-304.92178,2806.5647
107.452225,-309.49207,2805.9014
104.7502,-313.84286,2799.35
101.07677,-321.7967,2802.6226
101.03483,-328.58176,2804.0461
99.18507,-332.4969,2790.4595
100.769745,-336.15796,2778.9478
109.45523,-342.79852,2774.2854
111.2608,-347.22,2756.803
116.53851,-353.23877,2751.3818
120.54311,-361.1728,2746.743
121.3546,-370.30008,2742.8281
118.9316,-376.77606,2741.2312
124.752884,-382.73785,2748.2434
131.20721,-389.31775,2751.0955
134.67628,-395.31757,2751.1763
136.71558,-399.10126,2747.146
138.84686,-403.2898,2746.1248
141.01187,-406.39172,2742.0432
142.46416,-410.15808,2739.8293
146.63364,-415.4177,2737.1719
148.50986,-420.91855,2738.2527
146.67145,-423.49512,2742.892
147.26219,-427.44797,2742.9387
146.13455,-430.96667,2749.4705
144.08093,-432.7428,2757.5562
143.55086,-435.34753,2762.163
143.93013,-434.89252,2772.4795
144.84389,-432.55188,2786.736
144.60861,-431.93872,2796.5732
145.81354,-419.69214,2818.3518
144.64577,-416.64725,2841.4536
148.68573,-412.71368,2855.1814
157.0213,-404.5619,2868.9365
175.57237,-393.0298,2879.3337
186.35498,-388.63776,2883.092
201.43083,-376.7314,2886.675
211.60655,-363.57703,2893.5605
220.84732,-354.22308,2900.7278
226.16628,-345.7008,2904.0757
226.44122,-339.25928,2910.0085
226.02435,-331.83533,2915.559
225.5343,-322.91647,2918.6633
225.00383,-316.21872,2921.7463
222.82207,-310.62628,2928.3965
217.98975,-302.32037,2938.6062
216.21281,-300.56012,2946.0957
212.91238,-300.4148,2945.9531
208.36969,-304.24927,2944.6287
199.32901,-307.83237,2947.758
188.56319,-309.0471,2954.7612
181.63116,-310.12836,2958.5974
166.6462,-316.1416,2955.1443
148.6131,-324.77734,2946.5208
123.63115,-340.85065,2939.765
100.18349,-353.26263,2928.3115
86.52438,-366.70572,2916.5964
79.59258,-369.3039,2907.8857
77.785355,-367.7603,2905.8342
78.88187,-371.87073,2903.9624
71.89208,-379.11285,2894.0483
85.25116,-390.7423,2893.6575
73.22971,-363.3512,2940.962
38.39762,-359.22626,2956.7488
26.503403,-345.2481,2976.239
-1.7605858,-346.5453,2985.5479
-19.193724,-335.0479,2994.5242
-27.875607,-324.22095,3004.4868
-34.30317,-325.02527,3003.575
-80.10548,-306.17838,2982.746
-96.05216,-291.64203,2969.3337
-112.59343,-277.86862,2952.6057
-118.51238,-268.7011,2943.9824
-124.9839,-262.64935,2934.7046
-125.82243,-266.98572,2924.0278
-124.427475,-271.3399,2913.9697
-122.16411,-275.74612,2904.5222
-119.15202,-275.55222,2904.113
-123.65555,-271.13638,2900.9185
-120.768486,-266.10165,2894.97
-117.47474,-268.61038,2894.3318
-111.421745,-272.91644,2895.7285
-104.097984,-278.90024,2888.9846
-100.44545,-283.83588,2885.8252
-89.45139,-283.56555,2894.0815
-83.84299,-287.64587,2893.9336
-77.907,-290.01062,2894.7334
-65.8479,-294.8604,2890.0798
-66.05608,-297.0269,2877.8547
-68.72247,-297.84494,2874.007
-55.571148,-304.30893,2874.9062
-48.434258,-305.7563,2873.3706
-36.960487,-306.74768,2863.3132
-30.68161,-307.63528,2861.9163
-22.120285,-306.5893,2861.86
-9.971031,-306.83237,2857.4363
-1.8326015,-300.94077,2859.9539
6.633293,-295.40057,2864.4338
11.253906,-291.41638,2857.8748
6.465408,-289.22574,2850.4834
1.9385481,-286.87238,2841.2754
-17.743053,-288.14975,2833.9976
-30.072063,-290.67514,2828.1938
-47.256317,-293.8676,2826.476
-70.67335,-298.57755,2818.4028
-100.81209,-302.9594,2817.459
-123.05239,-303.8823,2818.8325
-148.7027,-298.8417,2838.6223
-171.64095,-299.47855,2853.763
-208.36827,-299.33307,2872.467
-233.19672,-296.67456,2889.6748
-255.75014,-292.02335,2903.2651
-280.65707,-289.43976,2910.8599
-304.30948,-280.38617,2923.62
-332.34882,-277.62326,2921.0835
-362.91483,-262.11005,2932.761
-381.38525,-249.68393,2940.6506
-390.9158,-246.11916,2947.191
-390.44315,-244.76166,2952.364
-390.86557,-245.39551,2948.1145
-396.9957,-249.6444,2940.5825
-392.8497,-252.87073,2940.424
-398.8624,-253.99135,2932.9934
-402.2399,-247.65056,2929.008
-400.8596,-242.051,2921.9438
-352.37827,-218.44244,2974.531
-300.30304,-203.17628,2997.6973
-250.2184,-195.13641,2988.6013
-215.80864,-183.16222,2987.1516
-218.85472,-128.67218,3026.3691
-209.13025,-99.69649,3039.6106
-195.51335,-88.38516,3030.9583
-187.26218,-71.36723,3032.7668
-176.0809,-72.19406,3013.074
-166.37569,-66.01784,3015.1501
-154.42584,-70.202515,3005.4658
-143.16208,-80.88378,2981.4382
-138.53212,-93.16466,2964.071
-129.11441,-106.35724,2944.235
-126.3224,-118.04128,2931.5293
-130.96921,-137.93149,2939.4204
-136.79813,-157.97646,2938.4353
-137.55139,-170.00412,2944.208
-136.06662,-181.43507,2958.8167
-122.34832,-196.21103,2973.8054
-99.69742,-215.3761,2989.4314
-60.237816,-240.78993,2997.562
-50.93484,-266.53162,2986.083
-50.454033,-298.3689,2971.3562
-52.416283,-326.13812,2944.599
-63.662582,-345.70728,2936.3765
-72.38684,-355.38858,2954.3276
-86.71842,-365.51794,2955.1414
-98.93494,-374.5644,2957.295
-89.30154,-394.30853,2976.166
-90.846825,-404.17648,2991.1436
-101.497925,-407.04987,3000.5845
-108.141205,-407.9308,3008.8723
-117.03016,-414.10034,3012.5696
-127.81591,-418.1208,3007.6719
-138.12004,-415.8618,3006.4292
-145.73782,-409.12152,3011.773
-161.75648,-407.58746,3006.601
-176.48,-401.7443,3001.6748
-191.11835,-396.925,3007.5483
-196.74371,-389.53018,3019.403
-208.24042,-384.5316,3019.3828
-222.5929,-380.8222,3019.5603
-237.09424,-377.57086,3019.642
-255.95851,-375.922,3018.1177
-279.7787,-376.14728,3011.2598
-295.20343,-372.08966,3006.6763
-300.14954,-360.0113,3013.6123
-314.3314,-349.63846,3015.5823
-332.7787,-343.2069,3007.816
-350.1784,-342.06192,3002.27
-365.83575,-341.79666,2993.9421
-370.05173,-340.26935,2991.3232
-376.61008,-341.55246,2984.225
-390.00906,-346.00952,2966.7185
-395.65958,-348.06854,2952.5923
-392.46146,-348.47644,2943.2478
-381.1245,-343.81268,2946.7336
-376.46335,-332.80066,2944.1025
-388.4582,-298.85156,2961.476
-403.9831,-271.8719,2969.1743
-424.44473,-242.28444,2980.0444
-427.98264,-231.85287,2979.9487
-419.7924,-233.72519,2974.7683
-410.8,-230.80356,2973.146
-404.39127,-229.18439,2969.006
-407.4839,-220.10727,2971.041
-404.99014,-215.39954,2972.6436
-402.75528,-208.41878,2966.3113
-402.24573,-203.64366,2959.0728
-407.32446,-194.34843,2957.387
-408.69202,-189.89362,2953.6602
-407.802,-180.49763,2952.1223
-405.98026,-175.698,2942.9844
-404.27298,-170.80943,2930.1184
-402.85895,-167.01387,2924.6252
-399.7521,-161.51843,2916.745
-399.7757,-154.55124,2903.3945
-404.93192,-147.5923,2905.5464
-400.08435,-143.22931,2907.9202
-398.8343,-137.40703,2892.1587
-396.91473,-135.04002,2884.579
-374.17636,-133.96564,2880.0574
-372.1268,-125.520454,2865.3342
-356.8795,-124.59597,2854.7178
-347.14313,-127.37399,2852.742
-336.80014,-136.30853,2849.3137
-327.7481,-145.50009,2845.9429
-311.53568,-153.89774,2839.5251
-291.19196,-160.27008,2839.578
-278.71548,-165.69804,2840.135
-269.43558,-165.45201,2840.3894
-238.6228,-141.46367,2830.1956
-211.61162,-130.27908,2825.985
-182.98737,-127.27299,2811.1172
-166.74808,-126.74382,2798.5488
-144.37837,-135.11679,2795.3423
-123.21051,-147.23366,2798.644
-99.032295,-167.99564,2807.0164
-80.43644,-175.9513,2815.5168
-69.55083,-181.94356,2811.6934
-33.19261,-193.0159,2848.4255
-26.346788,-206.4692,2871.4058
-21.733599,-216.7353,2902.4238
7.586212,-191.44554,2931.6328
28.672459,-178.9839,2951.288
40.483612,-168.09042,2972.912
54.202465,-161.22217,2986.9397
70.14812,-162.23302,2980.8706
79.1595,-163.26077,2975.9731
88.66856,-164.4915,2970.5007
104.80913,-167.82257,2962.1172
136.77795,-167.19202,2958.5984
204.96176,-183.29044,2916.7087
251.36798,-192.17296,2876.1655
268.17856,-183.65623,2855.877
273.36237,-188.64694,2820.7034
274.39163,-187.91234,2793.9246
276.38474,-182.73305,2770.6497
275.04993,-181.58832,2737.2822
277.39377,-171.67957,2712.603
261.55545,-174.10889,2676.4907
258.77844,-172.88739,2644.1904
244.56355,-172.04028,2601.1543
236.1703,-174.23189,2561.395
228.29529,-174.58972,2521.4536
215.66663,-174.1821,2488.181
200.84268,-173.33594,2449.7112
183.15161,-170.26974,2416.9229
160.85214,-171.15384,2390.254
146.76843,-170.99608,2369.5908
131.68721,-172.03436,2354.263
116.039925,-172.66797,2339.867
99.01756,-172.98433,2324.7607
87.00116,-171.85876,2319.797
75.06855,-165.30086,2310.1062
65.65226,-162.92546,2308.1743
57.367386,-162.6665,2307.6138
-46.930775,-164.92624,2320.4048
-109.68988,-169.01627,2264.974
-121.03603,-166.02757,2269.7302
-132.63557,-164.93575,2281.3535
-134.19226,-161.59967,2297.1404
-131.16574,-157.31259,2313.5002
-128.13278,-153.06064,2324.8035
-123.59692,-148.40253,2335.4495
-121.33334,-146.27287,2342.0706
-118.12947,-143.42053,2347.6147
-112.20352,-142.31589,2350.8818
-106.642845,-142.02737,2354.6392
-97.36872,-142.23593,2349.3528
-89.35298,-140.80225,2347.9836
-75.749626,-139.53128,2353.5173
-70.324234,-142.28793,2355.5564
-61.526302,-145.39212,2358.4465
-64.07737,-148.68321,2354.2107
-63.16057,-155.85817,2350.9888
-57.990776,-160.3375,2352.9033
-62.52827,-164.54286,2348.1804
-63.335068,-167.40572,2347.341
-68.88525,-171.25847,2344.7095
-74.62166,-177.41074,2333.4475
-75.476,-181.188,2318.955
-86.46378,-185.05742,2300.6511
-87.07529,-187.93692,2287.4736
-90.25487,-191.79861,2276.9302
-88.86764,-195.46597,2267.8142
-75.81628,-199.25467,2255.399
-63.444298,-202.26408,2245.8347
-53.581673,-205.58548,2244.9014
-44.283775,-207.55139,2245.9841
-18.68869,-206.00597,2261.6353
-0.88417053,-204.00293,2278.6213
-2.006855,-206.75862,2276.5037
7.5839767,-204.89525,2262.66
11.688637,-200.00342,2263.3606
19.792915,-197.38316,2276.419
22.485664,-197.25854,2294.862
22.757462,-198.06816,2304.4236
26.386505,-196.29932,2315.4514
25.6297,-195.19081,2315.08
21.913128,-195.66827,2316.933
6.1885147,-195.98447,2327.8584
-6.0423546,-196.21573,2331.5134
-20.730686,-198.52615,2331.7478
-27.6745,-198.96078,2328.6138
-32.343517,-197.49547,2322.3254
-42.35835,-195.7619,2320.45
-50.45276,-197.46991,2318.0437
-56.324394,-199.07362,2310.346
-59.285114,-201.41965,2300.8215
-63.91994,-201.74432,2291.2131
-68.15532,-201.83052,2281.6582
-65.20258,-205.8077,2263.3525
-65.42769,-205.43292,2248.5862
-62.457336,-206.77063,2237.6248
-62.798485,-209.77878,2237.418
-63.412388,-210.85269,2231.6187
-60.63206,-208.22394,2231.0676
-54.89283,-211.9248,2231.9773
-43.442036,-213.81248,2232.9055
-27.645977,-217.06985,2235.7808
-10.093994,-219.74615,2243.0183
2.345745,-221.20158,2247.2754
19.21978,-223.44672,2255.629
41.54789,-223.30276,2261.5342
62.760254,-225.30772,2267.1506
86.76677,-227.2872,2278.089
105.03148,-233.04422,2305.7249
123.01119,-235.62213,2324.899
142.21133,-237.00816,2338.4663
175.16122,-237.36101,2353.2588
200.63586,-237.1735,2366.2168
217.436,-239.51947,2376.6125
234.61852,-242.0991,2385.8542
249.26357,-247.86438,2399.0757
268.08594,-252.78337,2409.4265
278.42596,-260.92383,2427.1204
295.4439,-265.55148,2441.5745
312.67896,-270.92218,2451.934
325.65765,-274.12378,2458.4434
349.18045,-277.97815,2469.2024
363.66077,-281.24265,2475.5134
373.03003,-284.16202,2477.4504
379.26743,-288.03372,2483.7278
381.8114,-291.20758,2483.48
391.28006,-294.1021,2486.0205
397.77597,-295.1271,2482.5352
400.2898,-299.27655,2481.4622
391.98965,-307.16504,2496.116
383.98218,-307.24368,2509.517
387.44046,-311.0713,2520.774
388.91132,-312.21527,2523.7966
390.3974,-311.0775,2525.6477
377.05518,-310.9638,2534.1106
375.36426,-311.77554,2539.446
370.88605,-314.3125,2543.3887
370.52438,-315.15134,2547.5908
370.02737,-319.31213,2547.583
369.392,-321.0788,2547.0095
368.97134,-322.86414,2546.4736
364.8844,-326.48798,2551.8115
361.15732,-328.32474,2565.4858
359.9225,-329.3329,2567.546
355.8272,-334.67426,2568.8186
353.7403,-340.23532,2573.0498
354.92847,-343.57724,2571.7417
354.9223,-349.3608,2565.6592
354.0654,-358.0431,2559.747
352.96582,-366.47748,2559.2993
351.131,-373.67084,2559.0293
348.648,-383.08484,2553.3787
346.6325,-390.2439,2553.2148
343.05518,-398.8824,2549.5586
340.49152,-406.45248,2546.047
337.002,-415.0218,2535.2043
331.90884,-418.91357,2538.2258
326.48035,-422.88928,2542.602
316.48495,-423.48425,2546.765
311.0276,-424.5583,2547.9607
308.89908,-425.6255,2554.278
301.97302,-430.10522,2553.2346
295.60764,-433.44086,2550.9578
305.33466,-436.32697,2564.267
306.26135,-439.90442,2567.1624
304.15894,-445.56302,2561.319
308.37994,-450.1855,2564.4282
308.40845,-453.68768,2562.3433
306.52435,-459.35638,2556.4753
304.047,-462.67236,2550.8882
304.0245,-467.36517,2548.7302
301.93445,-469.01672,2544.3835
303.43457,-476.54996,2537.6926
305.87415,-488.06622,2524.9524
307.89523,-493.16623,2517.0266
305.9068,-496.1711,2513.5486
300.55444,-496.2112,2516.1777
301.28745,-503.98895,2509.949
305.54266,-507.47046,2499.1855
305.94928,-510.56232,2494.352
309.8732,-518.0133,2475.8586
311.69803,-518.39087,2462.6404
305.74963,-507.02588,2470.967
304.3853,-492.67044,2481.4312
308.4978,-491.10834,2462.4631
325.68646,-481.7674,2448.3447
329.77652,-474.80774,2427.0076
325.38586,-459.482,2428.2922
318.0099,-447.58356,2413.1743
305.20798,-431.76517,2402.9658
292.62723,-414.37213,2388.9438
274.64667,-398.44644,2374.1135
260.32,-380.44464,2355.8184
244.1051,-360.80145,2346.0305
229.05429,-342.7131,2324.7573
212.1535,-322.79364,2298.5024
196.01549,-302.52164,2289.8406
177.65988,-282.49655,2267.1365
159.48724,-264.745,2245.435
138.11273,-247.88474,2221.012
124.0995,-231.25073,2207.4785
103.14429,-216.81232,2184.3992
84.948265,-198.66167,2164.5483
62.725048,-179.95264,2145.088
42.61864,-158.5592,2126.3699
31.291134,-141.10947,2112.9932
5.133629,-117.20204,2098.621
-11.294895,-94.906265,2085.818
-35.086594,-71.44176,2072.5837
-46.97638,-58.2753,2068.4658
-66.74397,-43.170837,2062.8218
-77.43547,-26.122849,2059.0645
-87.553055,-6.1933594,2057.3843
-99.41369,-4.577591,2065.319
-115.055244,6.86998,2066.5417
-154.34225,6.019394,2101.568
-166.9248,14.337036,2119.446
-170.26971,19.792908,2126.698
-173.68486,25.21257,2128.7524
-172.30519,25.531662,2134.7625
-164.9342,23.357788,2142.2527
-156.67064,18.909119,2149.9485
-153.23854,15.739838,2155.5286
-156.27591,12.449402,2179.543
-161.08128,11.6610565,2207.2422
-161.52097,5.410019,2239.936
-143.89917,-8.905853,2273.552
-128.00742,-21.980606,2294.3306
-115.57892,-37.795074,2347.798
-88.25801,-54.9207,2384.1418
-61.73556,-77.15619,2413.0159
-38.19818,-94.509155,2437.4846
-10.31731,-110.13363,2501.0535
20.16114,-128.02878,2529.3945
63.772335,-148.47162,2547.9587
113.787224,-170.47986,2548.2053
157.58868,-188.93105,2532.5334
189.84906,-200.24484,2521.157
210.79187,-214.70718,2510.363
229.94868,-227.95764,2501.0247
253.7692,-235.69249,2489.5793
257.0573,-248.32706,2493.0237
282.4893,-245.198,2552.2412
281.16013,-243.51674,2605.492
242.48871,-238.50528,2679.799
215.8689,-237.40434,2728.6553
194.53372,-255.1989,2743.4958
180.93149,-261.93423,2754.6592
190.60513,-275.83563,2748.7017
204.23639,-286.14432,2747.6782
214.30075,-295.22766,2758.6077
225.233,-294.19336,2761.095
233.5153,-283.64935,2762.5212
218.1862,-282.2667,2760.9922
219.10733,-279.8411,2775.5198
213.71114,-288.2434,2768.4202
224.75978,-278.88882,2771.1855
218.86171,-278.917,2787.4631
212.16983,-276.36243,2786.3967
195.87727,-273.89938,2791.8228
183.71436,-268.61728,2803.6174
172.05873,-264.18726,2812.6238
177.0919,-266.34314,2882.7302
179.79852,-266.51813,2968.319
185.35684,-251.35112,2964.6824
190.75899,-243.51704,2983.7488
187.78757,-244.80692,2999.4492
184.02744,-246.40918,3027.8442
188.28197,-241.92343,3061.678
187.06155,-234.22076,3085.7947
191.05795,-224.97456,3109.5398
189.60687,-219.46356,3129.1787
189.2778,-215.34204,3139.6926
189.88753,-213.65816,3150.4429
184.49124,-207.65935,3150.3794
183.18149,-203.29773,3148.913
182.95572,-201.76474,3145.4993
178.17157,-201.60492,3139.5085
167.45818,-208.63287,3140.4568
154.54593,-217.41402,3144.0417
131.16237,-225.19025,3152.6836
111.78227,-229.58627,3152.8064
95.193344,-240.59026,3153.504
75.73932,-245.20067,3147.0789
53.488235,-251.53883,3152.6497
33.56363,-248.32571,3135.8848
11.775726,-228.33319,3128.7979
-7.1282654,-262.5711,3093.5547
-25.052132,-287.9297,3065.3042
-51.227745,-286.1671,3049.0134
-77.20749,-319.53973,3020.247
-93.01577,-317.3491,3016.8403
-125.46157,-312.83636,3008.9216
-134.96555,-300.5257,2999.2905
-137.89124,-302.21954,2983.5793
-161.81079,-296.30734,2977.985
-174.33722,-284.35077,2971.5542
-177.16028,-271.11096,2963.448
-196.75389,-248.38042,2987.9749
-203.23137,-240.10141,2997.187
-262.86435,-242.91336,2996.151
-292.768,-242.9371,2991.4233
-327.33685,-245.77496,2988.6206
-347.39722,-245.35556,2986.616
-369.66565,-247.06485,2991.4143
-407.16284,-251.0914,2976.745
-433.43204,-254.6232,2963.1392
-460.1047,-252.64009,2955.0107
-477.5673,-244.98904,2950.2524
-484.07364,-240.00732,2945.2961
-495.73007,-235.40167,2947.9182
-505.5113,-236.93379,2956.752
-513.7539,-233.96172,2962.3264
-520.30066,-229.66202,2960.44
-544.0635,-226.22842,2962.681
-550.1348,-223.10844,2964.727
-550.3772,-221.56885,2962.9917
-556.83984,-214.08182,2961.5237
-561.24225,-210.02327,2955.3037
-572.2891,-202.57431,2952.577
-580.1121,-199.42024,2956.2747
-603.3331,-185.33011,2967.2117
-612.5749,-176.16724,2973.0767
-614.5067,-170.05077,2976.4224
-597.1279,-168.854,2971.1885
-599.414,-163.78629,2970.2727
-599.60443,-157.24066,2971.7964
-599.9004,-151.01016,2969.1196
-598.1901,-144.06622,2965.7317
-597.4017,-144.65508,2964.559
-600.38135,-136.19608,2964.9705
-594.04596,-133.9404,2963.8198
-587.58246,-136.0304,2965.1018
-567.4381,-143.14886,2965.1768
-558.1986,-141.13501,2970.6006
-555.90186,-133.09555,2974.7676
-566.8322,-118.43314,2986.6316
-557.6513,-122.765434,2996.4995
-554.76245,-122.35968,3007.5227
-538.0359,-131.74615,3016.6018
-523.02264,-140.30081,3023.1763
-518.2693,-142.12138,3021.7798
-512.66833,-141.33469,3031.9744
-504.17834,-147.34973,3039.1934
-498.2223,-146.80716,3044.1023
-493.9959,-151.92313,3047.0894
-478.6311,-156.82764,3038.954
-467.45056,-162.60182,3039.084
-455.60257,-175.5729,3041.1545
-449.1458,-176.56949,3041.4358
-435.359,-179.7641,3037.3743
-428.4656,-185.67743,3035.4355
-418.77405,-190.46281,3038.5037
-415.27515,-192.4573,3038.797
-404.958,-197.81097,3036.9563
-394.73694,-203.77771,3032.6238
-385.14935,-205.4839,3028.7852
-389.9968,-209.2199,3029.9856
-403.9256,-207.68839,3028.9294
-412.74048,-206.2168,3028.4102
-410.46774,-209.57321,3027.292
-417.4413,-205.16264,3020.7136
-440.36383,-188.82416,2998.1284
-451.27417,-186.38481,2990.7288
-449.90088,-199.90274,3000.2285
-455.69705,-209.18576,3000.9172
-453.0429,-220.39258,2998.4268
-451.44733,-234.99323,3008.7947
-406.96375,-264.95505,3013.969
-385.5196,-283.687,3006.7205
-374.0448,-306.82993,3031.4001
-377.23642,-325.27725,3056.5994
-367.22934,-343.36493,3060.4553
-359.23846,-354.982,3058.8162
-346.19272,-366.8605,3061.1387
-335.1836,-381.0122,3057.7065
-330.72998,-391.64954,3054.567
-332.30347,-402.76294,3052.2559
-331.42184,-411.7851,3051.0107
-306.3584,-414.2037,3039.1611
-285.59012,-418.27264,3029.3816
-284.7353,-424.42242,3017.931
-288.54315,-433.6898,3013.037
-282.81552,-440.99023,3008.0613
-276.04337,-445.80627,3000.5303
-285.47955,-454.96036,2984.9216
-290.25668,-462.01733,2976.4878
-278.69568,-466.91632,2980.206
-239.2225,-444.48322,2959.6128
-230.66083,-447.46063,2973.6882
-230.0958,-456.2905,3013.1313
-231.51587,-464.69476,3032.7808
-233.03842,-470.6515,3030.4836
-236.36812,-473.68927,3028.633
-241.55229,-480.255,3033.2527
-234.88985,-476.7069,3018.5059
-232.66003,-476.8667,3012.0032
-235.56018,-479.44342,2994.7031
-239.72318,-482.15125,2995.5344
-256.3955,-509.3014,2985.1375
-269.82532,-517.3169,2966.0051
-270.6561,-519.40216,2959.2043
-277.23145,-526.05597,2956.9595
-271.87714,-523.9899,2962.651
-272.02158,-534.9683,2986.7288
-274.71735,-539.39355,3011.1323
-279.00006,-541.53296,3018.446
-276.24402,-534.4636,3013.4631
-266.31305,-528.5768,2995.6401
-270.77393,-535.1015,2984.932
-263.44675,-532.0441,2964.4429
-262.82675,-530.6489,2955.8296
-277.0,-532.2524,2996.9863
-257.66544,-512.6347,3018.6272
-248.30139,-497.9363,3033.3164
-244.15547,-477.88287,3047.7512
-240.55737,-468.68903,3056.1035
-245.27031,-473.08792,3058.1306
-227.31837,-437.64838,3068.0876
-221.6094,-400.5452,3073.2651
-211.8057,-382.67422,3077.0203
-207.96944,-370.0951,3080.1875
-213.164,-371.23157,3081.069
-206.61221,-334.93338,3095.2441
-204.2867,-325.86255,3101.2188
-203.17084,-300.33655,3108.446
-205.90182,-288.8856,3112.689
-212.37282,-289.2308,3124.6274
-218.27869,-298.86038,3127.7322
-226.40663,-298.30554,3126.9387
-234.16916,-300.15616,3122.9104
-241.52812,-305.24112,3122.9011
-262.17487,-322.15002,3125.9797
-263.70905,-313.49988,3132.2163
-258.8447,-304.45087,3140.7227
-257.7671,-296.36597,3149.5852
-258.75504,-292.06375,3150.3096
-250.05418,-272.2649,3158.8926
-252.2912,-277.51175,3163.8198
-258.6117,-278.61258,3167.6536
-260.63757,-273.6644,3174.2683
-276.6106,-280.15857,3167.7485
-270.54443,-278.42963,3176.8396
-263.30295,-277.53247,3178.4956
-295.44876,-295.08643,3172.5247
-295.19104,-294.42667,3172.2974
-296.82672,-298.35733,3172.6506
-298.4093,-295.04904,3180.4934
-295.6161,-289.2219,3187.397
-295.626,-285.19708,3192.9329
-313.09045,-286.22693,3174.1965
-317.6371,-285.78293,3157.1938
-314.39853,-286.39587,3136.7056
-308.0035,-280.05496,3122.077
-306.55203,-277.04294,3119.9846
-298.3744,-272.37833,3117.4944
-291.92874,-267.9606,3112.9875
-292.78925,-263.63464,3104.6694
-289.98526,-260.7841,3099.848
-291.30923,-256.95645,3095.1133
-299.59024,-250.67934,3121.361
-309.4574,-243.5069,3131.766
-315.30206,-239.31607,3135.0364
-321.6204,-235.0931,3130.9556
-326.6842,-230.90163,3127.7036
-328.64664,-229.77702,3123.663
-329.7185,-228.13252,3120.2363
-338.7613,-226.62549,3119.835
-352.03674,-223.74945,3111.5015
-360.73538,-222.53465,3106.195
-371.91754,-221.98256,3097.4067
-379.95343,-223.04369,3093.679
-388.47702,-221.74413,3075.7456
-398.03915,-223.73076,3078.718
-417.66174,-218.03226,3074.9985
-427.22403,-219.12158,3070.369
-440.46442,-223.78264,3063.2063
-448.63977,-226.29099,3052.8467
-454.46094,-231.93996,3041.9578
-467.19098,-233.5553,3027.8828
-475.8858,-238.49916,3024.9385
-475.58328,-241.56776,3015.8853
-485.9454,-247.33734,3002.24
-492.55783,-252.07315,2999.7942
-498.1672,-254.54248,2994.0654
-503.8432,-262.01245,2995.3364
-522.7646,-262.39417,2988.9246
-535.6504,-264.69666,2991.8484
-547.92004,-263.48456,2994.162
-562.9739,-263.91766,2983.0576
-571.96716,-267.7838,2978.3765
-535.7351,-308.05798,2940.05
-543.69556,-318.2329,2932.2278
-544.4366,-326.57944,2935.1538
-545.5242,-330.35373,2950.3127
-564.0591,-334.09198,2963.9287
-573.3834,-336.79333,2974.4458
-580.92456,-339.07297,2981.68
-590.00696,-336.6173,2976.2166
-600.90137,-337.7621,2970.557
-605.5025,-343.927,2971.613
-610.13586,-351.82983,2975.9077
-612.3326,-366.39862,2972.211
-611.1677,-380.164,2975.5198
-608.7535,-389.75494,2983.5715
-603.28406,-403.1825,2985.1887
-593.89594,-416.41556,2994.7148
-579.80927,-436.06424,2998.291
-572.44653,-449.1349,3003.2834
-563.199,-456.87646,3016.1267
-551.9597,-472.3505,3018.7463
-548.2887,-477.7351,3028.2366
-544.1999,-486.57098,3029.516
-544.24695,-498.15094,3026.2087
-539.06573,-508.3849,3027.7908
-535.4333,-514.8931,3027.7976
-528.1796,-525.4417,3030.6235
-520.4904,-535.9763,3028.8945
-538.548,-545.032,3023.8096
-552.0453,-551.6653,3015.5022
-558.74207,-559.05505,3002.4014
-561.56085,-567.1626,2996.0093
-555.7537,-571.79724,2996.742
-540.5309,-577.02,2995.1577
-531.82245,-580.76355,2992.4272
-511.92215,-585.30676,2987.168
-496.9631,-585.74805,2989.7815
-487.547,-577.4955,2998.7915
-480.5939,-580.3358,2993.924
-468.32312,-577.88214,2995.7542
-459.4263,-574.73975,2999.263
-458.087,-574.3082,2997.9182
-468.73425,-572.2054,2995.0564
-476.27826,-567.1194,2992.1016
-484.37656,-560.79285,2992.4595
-498.56427,-558.2152,2988.1304
-507.92084,-553.2881,2987.7139
-512.33704,-547.18,2989.8604
-524.1953,-541.4093,2992.2659
-528.52844,-533.6471,3008.831
-522.52856,-531.9358,3011.061
-526.9367,-526.62134,3010.5027
-536.2475,-524.0685,3003.9106
-533.7597,-520.377,3007.9888
-528.7219,-516.0931,3009.1204
-531.72656,-505.33633,3015.9573
-536.0945,-501.59692,3008.8738
-538.98376,-491.5933,3006.4546
-557.83673,-473.4067,3016.1736
-557.8933,-474.046,2996.9692
-555.01685,-469.40973,2976.2974
-562.61505,-458.582,2965.5352
-568.73254,-465.54614,2935.7417
-555.08655,-462.6189,2893.4185
-535.8861,-451.66843,2866.2498
-496.05463,-423.333,2902.8208
-476.66467,-391.39954,2927.733
-467.6546,-360.34717,2935.7407
-475.83182,-330.83612,2947.5312
-474.88867,-313.04486,2950.7764
-488.33066,-297.22076,2945.474
-510.77927,-279.05933,2936.6606
-531.2469,-234.06348,2933.0781
-531.8449,-202.0423,2931.4275
-555.23755,-177.64142,2929.9348
-576.928,-159.95412,2919.78
-590.70166,-141.35379,2918.9321
-605.6382,-126.88041,2907.321
-614.2799,-116.961426,2901.384
-618.2743,-109.550125,2901.7388
-615.8131,-100.98178,2891.4893
-607.45557,-97.64803,2880.1106
-597.311,-99.06627,2872.2058
-593.3661,-99.304474,2874.4612
-582.6115,-97.821594,2861.5625
-569.6635,-96.48586,2845.5183
-550.8795,-96.49011,2826.1338
-530.85175,-100.66096,2826.4531
-506.03366,-102.01697,2820.8564
-475.6203,-100.08913,2803.117
-453.99634,-96.61153,2779.8274
-420.87692,-106.815636,2780.3794
-399.39255,-113.8157,2775.8389
-363.39893,-127.99698,2777.926
-315.3124,-139.70953,2743.731
-280.9879,-151.58751,2739.113
-240.83656,-167.34407,2725.619
-207.38266,-178.01054,2708.1567
-184.63074,-192.42175,2692.578
-191.65054,-197.32202,2672.4526
-182.8324,-203.28406,2641.5403
-166.60367,-213.19733,2617.5032
-149.05939,-222.70253,2607.43
-138.27388,-228.88272,2604.0974
-119.90752,-242.57565,2620.892
-110.42391,-252.44514,2636.1987
-93.64154,-260.44202,2644.3018
-83.173744,-266.15427,2651.3303
-58.152252,-277.81616,2666.8738
-36.56276,-284.12732,2663.2166
-92.33274,-234.33511,2636.2532
-93.25077,-237.84256,2574.9421
-84.16368,-241.78113,2580.315
-76.07161,-245.54887,2589.8896
-60.36377,-254.01933,2606.6462
-37.1613,-263.98828,2621.6055
-8.336227,-275.4098,2632.148
17.480349,-283.7837,2644.0393
38.911682,-289.00543,2658.2275
52.412575,-296.52368,2663.9028
74.19803,-311.75818,2665.7627
94.40983,-326.713,2663.2744
116.003944,-331.38464,2666.5884
124.76018,-335.08325,2674.8
130.76215,-337.9225,2680.8787
137.53387,-349.63885,2683.3572
140.62561,-356.14362,2686.4238
148.41112,-364.4165,2686.9497
160.00473,-369.59787,2692.7383
163.41985,-372.57788,2694.3403
164.81905,-375.80765,2694.2927
164.77454,-381.21368,2687.8213
166.3372,-383.88208,2671.6492
164.82806,-384.41534,2663.067
161.9661,-387.588,2655.8835
157.25252,-387.99652,2650.5684
149.45737,-389.6828,2640.9304
139.98526,-389.6899,2629.4785
126.783226,-390.1898,2614.7495
104.42509,-392.2138,2594.522
68.91171,-390.71616,2601.672
42.091156,-388.08167,2587.2764
4.5378838,-385.10608,2573.89
-21.569447,-375.4856,2578.0764
-34.4616,-369.06995,2581.338
-45.5047,-362.71143,2589.2288
-48.45259,-357.37726,2589.2249
-57.167492,-354.26147,2589.1907
-73.009636,-350.54028,2579.7043
-79.40831,-346.14026,2583.6704
-105.02504,-340.07602,2567.286
-123.640396,-332.50757,2570.8833
-139.53815,-324.64954,2587.2783
-147.88486,-321.8628,2606.1892
-150.63597,-320.05777,2625.2698
-150.13089,-322.4485,2648.635
-154.60869,-324.4313,2671.5276
-163.80661,-324.42834,2698.5007
-171.50885,-326.9395,2715.9292
-179.27182,-326.40637,2732.9795
-201.93161,-321.1048,2738.424
-211.25287,-318.70612,2738.1855
-235.14635,-307.6737,2734.3657
-262.83545,-299.9884,2734.5
-285.6362,-291.5816,2737.8757
-312.92587,-288.3775,2752.1582
-330.90787,-281.03796,2766.3816
-345.7867,-278.79742,2791.271
-358.97766,-274.477,2808.3335
-377.8577,-273.04886,2830.4116
-400.591,-270.8252,2851.0798
-416.77426,-268.83884,2871.9497
-428.95407,-265.67038,2887.3894
-443.0865,-263.35812,2902.9438
-454.59317,-261.26453,2913.7996
-473.2433,-259.9903,2924.0725
-484.94217,-260.77567,2937.377
-494.09775,-254.95316,2937.4834
-502.80173,-248.03934,2940.73
-514.37225,-249.5329,2947.4443
-524.539,-260.08044,2967.5278
-525.164,-261.00018,2970.1477
-531.7976,-268.76404,2978.1135
-534.2143,-266.9467,2983.5332
-530.8171,-266.90515,2994.6946
-525.09216,-264.3864,3001.6248
-524.4227,-267.29877,3008.1414
-521.69147,-267.44925,3009.909
-519.8776,-260.1681,3012.0757
-519.0275,-256.54736,3014.4255
-520.11835,-258.48016,3016.7686
-523.3518,-261.23193,3017.361
-527.8826,-258.8694,3017.7698
-528.82086,-261.94778,3016.2993
-530.7362,-265.2906,3014.5994
-538.37384,-269.69717,3009.006
-544.52625,-271.966,3003.8218
-550.31464,-277.54767,3002.2468
-551.17883,-278.23126,2999.0244
-548.9831,-275.81018,2994.2954
-550.2458,-277.08173,2992.1184
-548.31116,-273.79532,2984.0273
-541.1778,-269.46442,2973.2888
-530.208,-260.84293,2960.9185
-522.15704,-253.7992,2946.6206
-518.2777,-239.36336,2933.9163
-507.0689,-234.46423,2926.319
-489.57733,-229.02127,2922.6768
-464.98993,-219.97092,2914.2095
-442.20038,-216.52914,2905.8826
-409.8008,-209.94751,2888.3567
-389.46088,-202.36873,2867.3662
-365.30606,-192.9924,2847.9915
-345.30957,-182.66779,2826.6128
-322.3779,-169.2363,2801.3284
-306.2711,-157.49924,2774.2046
-292.69095,-144.20409,2744.053
-283.04443,-141.48526,2726.28
-279.1525,-135.81084,2706.8076
-274.6628,-136.9426,2693.6902
-268.6521,-135.99632,2679.9612
-260.4068,-136.20573,2666.8176
-253.97185,-138.55559,2658.7778
-248.96413,-139.63571,2651.6191
-246.64551,-142.08731,2648.3506
-244.36514,-146.68402,2646.695
-243.5052,-152.54535,2647.2
-243.65422,-159.43097,2647.7698
-243.05475,-167.90863,2647.8945
-243.12924,-173.01663,2649.8574
-243.14122,-177.1487,2654.2524
-240.89864,-181.80826,2657.8057
-237.65442,-186.56305,2661.8352
-232.45358,-187.83511,2662.2212
-224.57486,-190.19945,2657.0393
-221.89583,-195.23624,2656.6191
-218.8045,-198.31311,2656.807
-208.64406,-209.85063,2669.1965
-193.0193,-218.639,2676.734
-182.63757,-222.20044,2682.8123
-172.87659,-225.9852,2683.9758
-163.31706,-230.73604,2679.235
-157.49437,-246.53667,2685.2256
-141.07578,-252.09436,2659.448
-132.83206,-258.71234,2645.7876
-122.43016,-261.7177,2634.0774
-121.9947,-262.9744,2635.8098
-123.85263,-261.7738,2627.7407
-123.104805,-256.59375,2622.1125
-131.25551,-258.76154,2630.8733
-137.4298,-258.74475,2637.5957
-152.74832,-264.14655,2644.9604
-173.44942,-262.8774,2652.6638
-184.23235,-262.2563,2650.3557
-189.13443,-267.8771,2639.8953
-206.23666,-275.0762,2641.6548
-210.90504,-261.0323,2646.683
-212.7259,-254.4224,2648.8257
-214.874,-252.70715,2647.208
-213.72331,-249.96938,2634.8196
-213.53587,-250.26407,2625.4402
-214.79376,-250.59059,2622.3232
-211.90233,-251.25815,2621.84
-211.37639,-251.58844,2624.5706
-203.213,-255.6518,2627.606
-186.03122,-262.0782,2636.46
-179.37239,-263.93823,2642.989
-182.48087,-267.4276,2643.484
-187.79022,-270.6437,2645.0002
-191.25415,-272.7377,2649.5789
-195.51271,-272.52417,2648.5771
-200.32794,-272.77966,2652.4683
-209.45169,-271.1254,2664.9475
-218.139,-270.62418,2675.8472
-229.60506,-270.31204,2685.4695
-243.29816,-269.6329,2701.9194
-257.6865,-266.18942,2720.24
-271.84567,-262.87476,2729.711
-286.2824,-256.29895,2742.366
-300.37415,-252.9135,2758.6982
-316.08624,-250.31415,2770.4302
-330.01236,-247.37799,2787.0132
-344.20435,-247.09538,2805.8667
-354.5405,-237.44815,2800.5603
-366.1532,-234.36923,2809.0044
-372.12488,-218.7859,2807.0305
-362.1067,-210.93808,2812.5076
-362.5638,-212.04965,2818.8938
-361.36462,-214.07309,2826.3594
-391.76324,-230.95718,2867.1672
-404.2128,-241.49342,2894.6492
-409.0165,-246.91956,2913.7354
-414.73254,-253.02124,2931.2815
-410.5725,-255.25397,2944.2014
-402.2926,-257.95276,2954.7937
-399.1423,-260.65906,2970.2175
-393.2663,-268.45905,2982.232
-392.456,-272.19897,2987.4863
-388.75543,-271.96445,2990.8772
-382.75385,-275.98285,3000.5376
-376.81653,-275.27612,3006.5928
-377.64697,-270.35825,3006.7622
-374.21844,-269.22235,3002.6067
-362.35944,-263.8187,2994.6138
-351.88074,-262.37085,2994.6455
-341.6516,-258.81253,2998.026
-330.80493,-250.61891,2998.2134
-310.07455,-239.02429,2987.0796
-290.10864,-229.35033,2976.572
-264.71976,-219.93535,2965.861
-240.8114,-208.76338,2954.6868
-207.5759,-201.36621,2927.5056
-183.80884,-189.29161,2906.463
-156.7037,-180.89313,2885.0698
-140.42072,-171.24597,2866.0293
-101.50498,-162.97835,2848.1655
-67.26701,-153.45193,2828.9065
-46.150795,-146.13605,2807.2742
-30.856632,-139.10934,2787.1763
-12.469355,-129.72879,2764.3518
-7.4721737,-124.63341,2748.484
-12.260595,-117.32027,2729.352
-24.589989,-114.76592,2700.7424
-38.59154,-111.08584,2681.0596
-64.732605,-103.51582,2663.7126
-83.83294,-94.04161,2652.7815
-94.12873,-88.258865,2647.5295
-107.0959,-80.208664,2650.836
-117.7395,-72.140686,2654.7856
-125.43375,-65.45619,2660.5898
-132.43895,-59.561737,2659.2048
-139.43835,-50.92906,2664.2478
-141.19702,-43.84973,2669.4966
-142.68457,-41.11467,2674.7688
-142.94064,-36.603134,2681.627
-142.43266,-32.781815,2681.6523
-138.54968,-28.541,2681.4158
-135.05824,-20.642807,2678.8188
-133.38649,-17.179642,2671.996
-133.00574,-10.626373,2669.7053
-134.43556,-5.284317,2655.8574
-130.95471,-2.0638275,2635.4067
-125.83467,2.316925,2616.201
-122.875885,3.421936,2596.9758
-116.30841,3.6943665,2566.9473
-121.71377,8.655167,2523.5664
-118.62453,7.772293,2490.3586
-107.03873,4.391754,2459.9285
-91.89691,-25.25502,2414.9666
-73.48431,-55.660675,2385.116
-61.214676,-73.65335,2362.9443
-40.152706,-97.201706,2316.7717
-33.03827,-114.05001,2314.54
18.383224,-127.04008,2319.7722
45.323723,-141.30481,2322.7168
59.483208,-159.60875,2327.2634
72.302155,-178.99101,2326.5876
74.42482,-200.95122,2319.0789
85.4871,-226.0315,2313.2537
94.4182,-247.74677,2305.2124
93.813965,-269.89984,2289.6855
89.40239,-290.85013,2278.774
74.31875,-304.99515,2268.965
91.435104,-318.73575,2266.7842
111.13613,-325.0484,2275.8738
125.898224,-325.88232,2288.9946
133.46822,-334.85962,2292.6372
125.5356,-344.9025,2290.7524
119.8617,-358.31555,2283.6567
96.17998,-372.2241,2275.8887
67.75814,-388.5999,2267.8604
37.235672,-406.6554,2255.2615
-3.359932,-421.72476,2249.4722
-15.053558,-428.7438,2252.3364
-28.731293,-441.5948,2255.4277
-35.314304,-453.2307,2253.781
-33.027554,-463.56473,2255.9639
-32.324234,-468.09457,2258.0725
-37.01317,-474.72247,2253.8918
-43.71904,-483.44772,2250.1245
-47.062943,-491.15283,2245.261
-51.98188,-498.0749,2240.7764
-53.097805,-502.70032,2236.4297
-55.760315,-511.31943,2225.5195
-59.68897,-517.8261,2218.7927
-63.69971,-522.1323,2205.5842
-71.43889,-525.4036,2195.4758
-75.16731,-527.3793,2185.087
-80.65402,-528.43005,2170.3552
-82.79301,-525.3981,2158.681
-90.03181,-526.95074,2144.3384
-97.13719,-526.39343,2129.2854
-105.89754,-524.11145,2118.5933
-110.17862,-518.7823,2111.4756
-107.35989,-509.58667,2110.68
-101.030235,-494.7465,2118.0164
-105.28479,-485.36896,2110.9895
-111.628494,-474.6418,2099.376
-121.414154,-463.755,2088.3025
-129.82288,-453.21613,2078.9106
-135.5993,-444.38474,2072.5276
-140.62056,-436.7426,2064.1096
-143.79968,-430.72375,2057.363
-144.86981,-424.70105,2056.1804
-142.79362,-422.03003,2056.2126
-143.62668,-424.98285,2051.6406
-147.52502,-426.85358,2049.3677
-165.72263,-432.92886,2049.8647
-169.13861,-437.391,2064.9045
-173.76387,-441.4272,2079.5916
-189.28366,-446.92633,2083.8342
-205.87534,-454.4499,2085.1926
-236.63226,-445.2169,2094.8064
-259.0906,-437.00128,2103.9043
-274.2979,-432.31284,2104.9014
-280.84824,-432.82397,2106.7961
-283.17004,-434.84088,2103.713
-277.817,-437.18127,2101.6438
-279.40894,-436.06265,2089.5078
-279.95117,-432.9101,2071.4
-273.1494,-427.22955,2064.355
-265.33627,-420.36093,2053.0564
-256.95752,-415.04187,2028.526
-242.79051,-405.05396,2020.1663
-223.02155,-397.12708,1991.7871
-208.94931,-382.35168,1988.439
-198.39345,-363.93988,1996.2233
-186.85269,-345.45212,2003.9563
-169.67583,-327.0754,2005.0406
-158.15634,-306.3897,2011.8424
-150.3989,-285.62708,2019.6088
-139.1778,-266.91006,2019.7852
-131.14467,-249.14455,2021.7423
-122.172325,-229.94965,2020.616
-117.78146,-213.79402,2018.802
-112.6025,-196.64359,2017.9174
-104.651474,-186.03111,2011.4651
-103.62029,-175.33301,2009.9329
-103.20765,-167.61865,2006.7769
-100.65066,-159.63104,2002.99
-102.42792,-156.57375,2001.6744
-108.252235,-156.1387,2003.1177
-108.933136,-158.80725,2001.8834
-108.648476,-168.78879,2002.1078
-107.2376,-182.30945,2006.3683
-109.6686,-197.20735,2031.6029
-111.17334,-211.7623,2045.0502
-111.36216,-227.58447,2061.979
-105.38928,-246.70734,2081.7893
-96.91667,-263.78204,2093.8362
-91.37445,-279.79706,2110.2087
-86.45363,-294.9569,2114.0837
-86.70244,-307.04184,2123.2126
-86.77886,-315.49854,2128.6924
-83.03312,-322.1055,2134.2427
-80.14607,-335.75885,2126.427
-80.87706,-344.21948,2120.6445
-82.513336,-353.3225,2109.2603
-92.6556,-360.611,2099.493
-104.55203,-365.63403,2092.6206
-120.62026,-369.25803,2085.4963
-135.63591,-375.64227,2077.9365
-149.30176,-380.6161,2055.8865
-163.0596,-384.9959,2045.7986
-177.83582,-388.62222,2034.2535
-194.75859,-389.76,2025.9589
-214.63371,-391.98645,2012.4468
-230.55106,-392.29056,2004.1002
-243.1453,-395.14288,1994.3694
-259.5974,-395.82263,1992.8601
-278.94443,-395.3826,1993.7164
-297.6709,-392.56824,1993.2947
-307.79666,-393.0144,1991.0286
-309.4314,-393.38757,1990.2297
-328.73947,-392.08994,1989.5071
-325.4051,-393.0398,1997.618
-327.92245,-392.73907,2005.7623
-318.8163,-391.4816,2017.2548
-320.32233,-393.27234,2016.4993
-319.81427,-394.79053,2021.299
-320.76727,-397.27008,2019.5653
-319.30548,-400.87567,2015.2657
-312.28094,-404.14844,2011.6501
-304.06448,-408.98325,2004.3696
-281.24387,-415.3717,2010.5425
-271.89322,-421.58093,2006.9335
-263.82904,-427.2688,2005.297
-260.56848,-432.3504,2005.512
-259.19095,-434.70245,2006.7614
-259.5249,-437.20874,2007.688
-249.93498,-441.29358,2012.4017
-245.83925,-445.83282,2017.8588
-240.64417,-450.9416,2020.2083
-239.99243,-453.32138,2024.9845
-240.53664,-454.3668,2023.9562
-241.47305,-457.55698,2016.0526
-250.30629,-454.51044,2012.3506
-260.0209,-449.177,2002.6713
-272.4422,-441.40875,1995.4008
-279.93393,-430.62973,1980.6073
-286.6028,-415.8794,1964.1847
-297.36407,-394.4482,1952.552
-311.1379,-373.24323,1941.5994
-325.50668,-347.85672,1928.4413
-343.9066,-320.24454,1923.4441
-361.56674,-294.38202,1909.0664
-399.83536,-263.03848,1892.3336
-425.75266,-234.499,1884.5265
-450.89252,-206.6808,1866.3704
-471.06662,-178.23488,1856.7104
-498.951,-149.56848,1852.8926
-516.57275,-125.79518,1847.8408
-531.1389,-107.86683,1839.9706
-550.1228,-85.51094,1825.6216
-560.0051,-68.2892,1812.765
-565.0986,-56.153885,1804.186
-572.71826,-47.312347,1794.9125
-582.1612,-37.860413,1785.9213
-594.434,-30.570953,1778.2214
-608.612,-26.619934,1772.7775
-620.2468,-21.378922,1764.3118
-628.0585,-20.591568,1757.0433
-633.2163,-23.382736,1753.2412
-639.8585,-26.543549,1750.7576
-639.8805,-32.49382,1746.9758
-643.25635,-39.59822,1746.0564
-644.26245,-45.511627,1746.5797
-642.4386,-53.190613,1746.5575
-637.1761,-60.08548,1748.0465
-635.9413,-70.33069,1748.9639
-635.65607,-81.461205,1748.8735
-629.0139,-92.012436,1751.8757
-625.46045,-102.5462,1753.5122
-622.52576,-114.89798,1757.0803
-616.98,-125.59499,1764.9639
-607.2673,-134.40508,1767.8502
-595.5731,-147.70624,1778.0756
-585.8881,-156.32553,1783.8594
-571.5321,-167.49026,1791.8403
-562.3441,-179.72313,1789.0363
-553.80695,-188.23718,1784.5232
-545.74603,-196.32086,1779.4039
-534.65454,-202.6193,1775.4233
-517.5642,-214.03911,1779.3828
-504.57983,-223.23936,1779.6707
-488.9591,-229.96426,1775.6267
-469.6781,-236.0096,1776.7836
-449.11707,-244.06136,1783.3905
-428.1124,-250.52356,1782.5139
-403.11377,-256.2834,1788.4647
-383.68457,-262.01797,1786.6381
-362.5867,-267.30746,1782.3949
-497.46173,-79.28281,1984.1261
-492.72552,-80.48488,1982.6831
-484.01965,-82.40648,1983.8341
-476.39783,-83.935425,1983.9312
-472.35715,-81.37013,1986.2456
-466.99384,-81.28552,1988.4275
-455.34586,-81.23964,1991.6016
-445.41827,-81.97127,1998.7719
-420.54523,-87.17583,2005.1505
-401.37,-83.8078,2009.6005
-382.51675,-83.336075,2013.8595
-350.11102,-88.146736,2022.472
-331.33456,-87.230835,2033.8936
-316.88513,-91.37349,2046.8287
-302.5585,-93.7567,2057.924
-279.5288,-94.74829,2070.7576
-265.36588,-94.88415,2078.5872
-253.62245,-95.56454,2085.285
-240.6937,-98.58452,2096.3447
-231.5452,-105.617645,2106.2764
-213.73557,-109.95474,2115.6985
-202.5406,-111.11162,2122.8347
-192.23384,-112.36195,2127.7485
-183.86443,-113.78035,2133.8333
-173.74425,-113.38036,2145.0679
-160.81561,-111.37348,2150.2625
-156.07875,-113.26507,2153.4688
-146.39662,-110.47604,2153.6353
-137.54811,-111.69898,2158.2878
-128.61906,-112.339935,2162.4705
-122.98513,-114.257645,2164.7417
-120.30305,-115.37957,2163.3477
-113.910675,-116.541794,2161.3965
-108.93928,-113.96756,2158.7039
-106.681854,-109.970764,2157.025
-106.444664,-107.07305,2148.774
-105.8517,-107.41415,2141.0168
-101.00051,-103.94006,2135.4768
-99.22511,-103.41511,2127.7305
-92.59786,-103.32014,2117.1921
-88.384224,-105.886955,2104.7705
-77.56672,-107.99755,2088.601
-65.669044,-112.543594,2075.7183
-53.811676,-112.944016,2058.6084
-38.86566,-113.99245,2048.4043
-22.75002,-113.518776,2031.0111
-4.8077536,-110.16755,2011.3969
8.055998,-106.52124,1992.0162
20.472666,-104.69459,1968.0999
28.569628,-102.264534,1949.0585
37.352234,-100.01962,1924.9971
45.161125,-98.14583,1906.6832
51.61836,-99.32674,1889.0608
57.558083,-97.181274,1870.6652
60.47658,-97.50856,1853.5664
68.20366,-94.563545,1843.3433
74.286934,-93.53958,1830.3694
78.70749,-93.501366,1819.8304
82.164734,-93.569016,1810.1725
83.627014,-93.627106,1798.6011
88.64263,-93.65682,1787.9513
91.55201,-94.331375,1782.0189
99.42688,-97.08241,1774.1134
105.71478,-98.101906,1767.4773
114.30198,-101.11631,1759.693
122.31498,-101.208916,1752.1914
135.32927,-99.76593,1741.8422
146.73264,-102.36776,1733.3005
160.28203,-103.64057,1724.6956
178.5866,-106.71158,1713.6467
197.5435,-107.47196,1702.3546
215.62589,-109.81652,1692.4126
232.87154,-113.80742,1684.373
259.4661,-116.40976,1673.3225
281.3237,-114.1225,1663.4303
306.5361,-110.67357,1652.6069
338.08948,-101.38599,1639.3611
360.87262,-95.50142,1627.2819
389.29932,-92.5351,1618.0913
417.03476,-91.22987,1611.6462
440.09732,-91.22305,1604.9749
468.58722,-89.51865,1595.5624
494.53946,-91.753426,1588.6213
511.9033,-92.6323,1576.8475
524.94916,-100.53802,1574.5486
533.25507,-94.09922,1574.8916
541.8922,-99.265175,1562.491
551.87555,-104.00112,1553.7463
563.3356,-108.40365,1540.772
572.7545,-112.32433,1527.8605
574.5049,-117.39484,1507.8412
581.5355,-123.551476,1481.1696
586.95886,-131.21329,1459.59
594.8597,-90.28744,1465.5627
599.1638,-63.886047,1462.2776
597.985,-46.074966,1454.2083
588.38293,-42.71959,1425.7454
585.30865,-44.485382,1397.1388
581.07684,-46.838745,1377.742
577.8659,-92.9779,1347.9324
565.5491,-141.4273,1315.943
546.06104,-171.75749,1272.7742
546.2466,-199.70995,1216.3536
571.15454,-215.21536,1166.1372
582.44824,-217.35428,1153.2722
591.3158,-223.82137,1151.1277
597.03516,-227.1039,1151.0184
600.4122,-228.71942,1151.1432
602.2522,-229.51544,1151.2343
603.2117,-229.91006,1151.2836
603.70056,-230.10658,1151.3085
603.94525,-230.20497,1151.3195
604.0627,-230.25471,1151.3215
604.109,-230.28073,1151.3147
604.10156,-230.29628,1151.2922
604.09784,-230.30423,1151.281
604.09595,-230.3084,1151.2754
604.09503,-230.3107,1151.2725
604.0946,-230.31198,1151.271
604.09436,-230.31284,1151.2704
604.09424,-230.31348,1151.2699
604.0942,-230.31395,1151.2698
604.0941,-230.31438,1151.2695
604.0941,-230.3148,1151.2694
604.0941,-230.31519,1151.2693
604.0941,-230.31557,1151.2692
604.0941,-230.31595,1151.2692
604.0941,-230.31631,1151.269
604.0941,-230.31671,1151.2689
604.0941,-230.31708,1151.2689
604.0941,-230.31744,1151.2688
604.0941,-230.31781,1151.2688
604.0942,-230.31818,1151.2687
604.0942,-230.31854,1151.2686
604.0942,-230.31894,1151.2686
604.0942,-230.3193,1151.2684
604.0942,-230.3197,1151.2684
604.0942,-230.32007,1151.2683
604.0942,-230.3204,1151.2683
604.0942,-230.32077,1151.2682
604.0942,-230.32117,1151.2681
604.0942,-230.32156,1151.2681
604.0942,-230.3219,1151.268
604.0942,-230.32227,1151.268
604.0942,-230.32266,1151.2678
604.0942,-230.32303,1151.2677
604.0942,-230.3234,1151.2677
604.0942,-230.32376,1151.2676
604.0942,-230.32413,1151.2676
604.0942,-230.32452,1151.2675
604.0942,-230.32489,1151.2673
604.0942,-230.32523,1151.2673
604.0942,-230.32565,1151.2672
604.0942,-230.32599,1151.2672
604.0942,-230.32635,1151.2671
604.0942,-230.32672,1151.267
604.0942,-230.32712,1151.267
604.0942,-230.32748,1151.2668
604.0942,-230.32785,1151.2668
604.0942,-230.32822,1151.2667
604.0942,-230.32861,1151.2666
604.0942,-230.32898,1151.2666
604.0942,-230.32935,1151.2665
604.0942,-230.32971,1151.2665
604.0942,-230.33008,1151.2664
604.0942,-230.33047,1151.2662
604.0942,-230.33081,1151.2662
604.0942,-230.3312,1151.2661
604.0942,-230.3316,1151.2661
604.0942,-230.33194,1151.266
604.0942,-230.3323,1151.266
604.0942,-230.33267,1151.2659
604.0942,-230.33304,1151.2657
604.0942,-230.33344,1151.2657
604.0942,-230.3338,1151.2656
604.0942,-230.33417,1151.2656
604.0942,-230.33456,1151.2655
604.0942,-230.33493,1151.2654
604.0942,-230.3353,1151.2654
604.0942,-230.33566,1151.2653
604.0942,-230.33603,1151.2653
604.0942,-230.3364,1151.2651
604.0942,-230.33676,1151.265
604.0942,-230.33713,1151.265
604.0942,-230.33755,1151.2649
604.0942,-230.33789,1151.2649
604.0942,-230.33826,1151.2648
604.0942,-230.33865,1151.2646
604.0942,-230.33899,1151.2646
604.0942,-230.33939,1151.2645
604.0942,-230.33975,1151.2645
604.0942,-230.34012,1151.2644
604.0942,-230.34052,1151.2643
604.0942,-230.34088,1151.2643
604.0942,-230.34122,1151.2642
431.5768,-59.86989,870.29297
375.90692,30.85997,786.7501
359.54138,118.134155,741.64984
367.86545,164.28493,733.9546
373.26617,186.83633,735.7227
375.55243,197.96988,737.59155
376.57263,203.48773,738.76196
377.04904,206.23157,739.4038
377.2773,207.59735,739.73706
347.28638,47.18052,698.77216
328.66794,-56.17626,635.88965
318.66864,-100.502266,611.34515
313.5006,-121.0044,600.4956
310.87375,-130.8335,595.4082
309.55078,-135.64091,592.94855
308.88815,-138.01855,591.74054
354.94788,-88.77222,553.6486
376.23975,-65.012856,540.63464
386.21747,-53.42486,535.53467
391.0113,-47.712776,533.31915
393.35504,-44.8786,532.2919
394.51215,-43.46749,531.797
395.07898,-42.752052,531.5499
395.35388,-42.411087,531.41956
395.47516,-42.24581,531.3423
395.45715,-42.1709,531.2456
422.9541,195.64372,509.27536
428.18567,309.7213,518.9582
429.6335,365.90955,529.6897
430.227,393.64752,536.58527
557.6906,388.62216,995.91516
550.6304,189.18335,1021.11975
560.2895,135.72107,1015.8915
570.6881,115.72575,1007.4484
576.9405,107.01164,1002.08563
580.3032,102.94612,999.106
582.04224,100.984985,997.539
582.9263,100.02252,996.7367
583.37213,99.54602,996.3315
583.59674,99.31004,996.1307
583.71216,99.196014,996.0401
583.77124,99.14099,995.99994
583.82086,99.14198,996.0547
583.8458,99.14241,996.0821
583.8582,99.14255,996.0956
583.86444,99.14252,996.1025
583.8676,99.142456,996.10583
583.8692,99.14235,996.1076
583.87,99.14223,996.1084
583.8704,99.14203,996.1089
583.8706,99.14189,996.10913
583.87067,99.14172,996.10913
583.8708,99.141556,996.10913
583.87085,99.14139,996.10913
583.87085,99.14125,996.10913
583.8709,99.1411,996.1091
583.8709,99.140945,996.1091
583.8709,99.14078,996.1091
583.871,99.140625,996.1091
583.871,99.14047,996.109
583.871,99.140305,996.109
583.87103,99.14015,996.109
583.87103,99.14,996.109
583.87103,99.13985,996.10895
583.8711,99.139694,996.10895
583.8711,99.13953,996.10895
583.8711,99.13937,996.1089
583.8711,99.13922,996.1089
583.87115,99.13907,996.1089
583.87115,99.138916,996.1089
583.87115,99.13875,996.1088
583.8712,99.138596,996.1088
583.8712,99.13844,996.1088
583.8712,99.13829,996.1088
583.8713,99.13812,996.10876
583.8713,99.13797,996.10876
583.8713,99.13782,996.10876
583.87134,99.137665,996.10876
583.87134,99.13751,996.1087
583.87134,99.137344,996.1087
583.8714,99.13719,996.1087
583.8714,99.13704,996.10864
583.8714,99.13689,996.10864
583.87146,99.13675,996.10864
583.87146,99.13658,996.10864
583.87146,99.13641,996.1086
583.8715,99.13626,996.1086
583.8715,99.13611,996.1086
583.8715,99.13594,996.1086
583.8716,99.13579,996.1085
583.8716,99.13565,996.1085
583.8716,99.1355,996.1085
583.87164,99.13533,996.1085
583.87164,99.13516,996.10846
583.87164,99.13501,996.10846
583.8717,99.13486,996.10846
583.8717,99.134705,996.1084
583.8717,99.13455,996.1084
583.87177,99.1344,996.1084
583.87177,99.13425,996.1084
583.87177,99.13408,996.10834
583.8718,99.13391,996.10834
583.8718,99.13376,996.10834
583.8718,99.133606,996.10834
583.8718,99.13345,996.1083
583.8719,99.133316,996.1083
583.8719,99.13315,996.1083
583.8719,99.132996,996.1082
583.87195,99.13283,996.1082
583.87195,99.132675,996.1082
583.87195,99.13252,996.1082
583.872,99.132355,996.10815
583.872,99.13222,996.10815
583.872,99.132065,996.10815
583.8721,99.13191,996.10815
583.8721,99.131744,996.1081
583.8721,99.13159,996.1081
583.87213,99.131424,996.1081
583.87213,99.13127,996.1081
583.87213,99.131134,996.10803
583.8722,99.13097,996.10803
583.8722,99.13081,996.10803
583.8722,99.13066,996.108
583.87225,99.13051,996.108
583.87225,99.13034,996.108
583.87225,99.13017,996.108
583.8723,99.130035,996.1079
583.8723,99.12988,996.1079
583.8723,99.129715,996.1079
583.8724,99.12956,996.1079
583.8724,99.12941,996.10785
583.8724,99.12926,996.10785
583.87244,99.12909,996.10785
583.87244,99.12892,996.1078
583.87244,99.128784,996.1078
583.8725,99.12863,996.1078
583.8725,99.12846,996.1078
583.8725,99.12831,996.1077
583.87256,99.12816,996.1077
583.87256,99.128006,996.1077
583.87256,99.12784,996.1077
583.8726,99.1277,996.10767
583.8726,99.12753,996.10767
583.8726,99.12738,996.10767
583.8727,99.12723,996.10767
583.8727,99.12706,996.1076
583.8727,99.12691,996.1076
583.8727,99.126755,996.1076
583.87274,99.12662,996.10754
583.87274,99.12645,996.10754
583.87274,99.1263,996.10754
583.8728,99.126144,996.10754
583.8728,99.12598,996.1075
583.8728,99.12581,996.1075
583.87286,99.125656,996.1075
583.87286,99.12552,996.1075
583.87286,99.12537,996.1074
583.8729,99.1252,996.1074
583.8729,99.125046,996.1074
583.8729,99.12489,996.1074
583.873,99.124725,996.10736
583.873,99.12456,996.10736
583.873,99.124405,996.10736
583.87305,99.12427,996.1073
583.87305,99.124115,996.1073
583.87305,99.12395,996.1073
583.8731,99.123795,996.1073
583.8731,99.12364,996.10724
583.8731,99.12349,996.10724
583.87317,99.12331,996.10724
583.87317,99.12317,996.10724
583.87317,99.12302,996.1072
583.8732,99.12286,996.1072
583.8732,99.12271,996.1072
583.8732,99.12254,996.1072
583.8733,99.12239,996.1071
583.8733,99.12224,996.1071
583.8733,99.1221,996.1071
583.87335,99.12193,996.10706
583.87335,99.121765,996.10706
583.87335,99.12161,996.10706
583.8734,99.12146,996.10706
583.8734,99.12131,996.107
583.8734,99.121155,996.107
583.8734,99.121,996.107
583.8735,99.12085,996.107
583.8735,99.1207,996.10693
583.8735,99.12053,996.10693
583.87354,99.12036,996.10693
583.87354,99.12021,996.10693
583.87354,99.120056,996.1069
583.8736,99.1199,996.1069
583.8736,99.11975,996.1069
583.8736,99.1196,996.1068
583.87366,99.119446,996.1068
583.87366,99.11929,996.1068
583.87366,99.11911,996.1068
583.8737,99.11896,996.10675
583.8737,99.118805,996.10675
583.8737,99.11867,996.10675
583.8738,99.1185,996.10675
583.8738,99.11835,996.1067
583.8738,99.118195,996.1067
583.87384,99.11804,996.1067
583.87384,99.117874,996.1066
583.87384,99.11771,996.1066
583.8739,99.11757,996.1066
583.8739,99.11742,996.1066
583.8739,99.11725,996.10657
583.87396,99.117096,996.10657
583.87396,99.11694,996.10657
583.87396,99.11679,996.10657
583.874,99.11664,996.1065
583.874,99.116486,996.1065
583.874,99.11633,996.1065
583.8741,99.116165,996.1065
583.8741,99.11601,996.10645
583.8741,99.115845,996.10645
583.87415,99.11569,996.10645
583.87415,99.11554,996.1064
583.87415,99.11539,996.1064
583.8742,99.115234,996.1064
583.8742,99.11508,996.1064
583.8742,99.11493,996.1063
583.87427,99.11476,996.1063
583.87427,99.11459,996.1063
583.87427,99.11444,996.1063
583.87427,99.11429,996.10626
583.8743,99.11415,996.10626
583.8743,99.11398,996.10626
583.8743,99.11383,996.10626
583.8744,99.11368,996.1062
583.8744,99.11351,996.1062
583.8744,99.11334,996.1062
583.87445,99.11319,996.10614
583.87445,99.11305,996.10614
583.87445,99.1129,996.10614
583.8745,99.11273,996.10614
583.8745,99.11258,996.1061
583.8745,99.11243,996.1061
583.8746,99.112274,996.1061
583.8746,99.11211,996.1061
583.8746,99.11195,996.106
583.87463,99.1118,996.106
583.87463,99.11165,996.106
583.87463,99.111496,996.10596
583.8747,99.11133,996.10596
583.8747,99.111176,996.10596
583.8747,99.11102,996.10596
583.87476,99.110855,996.1059
583.87476,99.11072,996.1059
583.87476,99.11055,996.1059
583.8748,99.1104,996.1059
583.8748,99.110245,996.10583
583.8748,99.11009,996.10583
583.8749,99.10994,996.10583
583.8749,99.10977,996.10583
583.8749,99.109634,996.1058
583.87494,99.10947,996.1058
583.87494,99.109314,996.1058
583.87494,99.109146,996.1057
583.875,99.10899,996.1057
583.875,99.10884,996.1057
583.875,99.10869,996.1057
583.875,99.108536,996.10565
583.87506,99.10838,996.10565
583.87506,99.10823,996.10565
583.8751,99.10806,996.10565
583.8751,99.107895,996.1056
583.8751,99.10774,996.1056
583.8751,99.10759,996.1056
583.8752,99.10745,996.1056
583.8752,99.107285,996.1055
583.8752,99.10713,996.1055
583.87524,99.10698,996.1055
583.87524,99.10683,996.10547
583.87524,99.10664,996.10547
583.8753,99.10649,996.10547
583.8753,99.10635,996.10547
583.8753,99.1062,996.1054
583.87537,99.10603,996.1054
583.87537,99.10588,996.1054
583.87537,99.10573,996.1054
583.8754,99.105576,996.10535
583.8754,99.10542,996.10535
583.8754,99.10524,996.10535
583.8755,99.1051,996.10535
583.8755,99.10495,996.1053
583.8755,99.1048,996.1053
583.87555,99.10463,996.1053
583.87555,99.10448,996.1052
583.87555,99.104324,996.1052
583.8756,99.10417,996.1052
583.8756,99.10402,996.1052
583.8756,99.10385,996.10516
583.8757,99.1037,996.10516
583.8757,99.103546,996.10516
583.8757,99.10338,996.10516
583.87573,99.103226,996.1051
583.87573,99.10307,996.1051
583.87573,99.102936,996.1051
583.8758,99.10277,996.1051
583.8758,99.1026,996.10504
583.8758,99.10245,996.10504
583.87585,99.102295,996.10504
583.87585,99.10213,996.105
583.87585,99.101974,996.105
583.87585,99.10184,996.105
583.8759,99.101685,996.105
583.8759,99.10152,996.1049
583.8759,99.101364,996.1049
583.876,99.1012,996.1049
583.876,99.10104,996.1049
583.876,99.100876,996.10486
583.87604,99.10072,996.10486
583.87604,99.100586,996.10486
583.87604,99.10043,996.1048
583.8761,99.10028,996.1048
583.8761,99.10011,996.1048
583.8761,99.09996,996.1048
583.87616,99.09979,996.10474
583.87616,99.09964,996.10474
583.87616,99.0995,996.10474
583.8762,99.099335,996.10474
583.8762,99.09918,996.1047
583.8762,99.09903,996.1047
583.8763,99.09888,996.1047
583.8763,99.098724,996.1047
583.8763,99.09856,996.1046
583.87634,99.098404,996.1046
583.87634,99.09825,996.1046
583.87634,99.0981,996.10455
583.8764,99.09793,996.10455
