456.745,242.2567,2676.4014
460.31723,239.39072,2665.1582
460.76608,240.20659,2657.8723
462.63037,245.44858,2644.074
463.48718,247.57541,2633.5603
463.483,247.12946,2630.706
460.45697,251.42087,2629.0356
455.30902,254.20392,2630.983
450.422,254.86734,2627.692
438.91858,252.80148,2617.468
431.34042,255.82208,2609.7964
415.2562,256.9569,2610.233
404.7517,255.61237,2609.453
389.7551,257.159,2599.7898
379.49768,257.7515,2592.969
368.49872,258.0823,2596.9863
356.22397,256.31516,2589.375
344.52997,252.70972,2580.3096
337.59918,254.60226,2576.9402
330.11835,259.77927,2568.3967
322.0537,267.84775,2566.6345
292.09305,264.14172,2550.6345
287.3939,260.06396,2557.0295
278.5454,258.3132,2555.7368
282.1266,264.22943,2554.3079
276.31964,268.49802,2547.3545
273.72287,270.49634,2546.7314
270.21765,272.41556,2545.0476
267.63553,270.22894,2536.0999
260.12045,264.8957,2529.652
256.5017,262.8258,2524.668
255.05347,261.51712,2515.6284
267.14172,269.2047,2498.2021
274.32806,270.77188,2494.897
276.784,272.42407,2491.685
278.794,277.3935,2480.966
279.51794,275.61453,2482.594
279.95255,278.18085,2481.0845
284.5191,279.3701,2471.8997
300.57126,282.17282,2460.1494
307.42783,284.20297,2453.8235
316.6471,288.52057,2446.5762
323.18707,286.28305,2442.6348
333.99295,282.59384,2432.4294
339.26392,283.5718,2428.8079
343.0211,284.1207,2426.9302
346.79767,279.79196,2424.5369
348.34857,279.70078,2424.4233
346.52567,280.83612,2428.4146
348.69427,279.88403,2427.9995
350.70483,279.11978,2427.7998
353.254,277.68054,2428.4036
354.0219,277.45242,2430.3032
356.01038,274.36124,2431.2744
356.4377,268.80527,2431.3767
353.84738,266.96567,2430.9138
354.23026,262.94815,2438.746
349.22168,257.72702,2439.8723
347.44662,254.10678,2446.0227
329.9389,260.19824,2453.799
325.38205,265.29034,2461.4067
320.1333,268.6398,2478.9216
319.5531,269.4389,2492.5447
314.7445,271.2996,2503.9858
305.7367,276.38562,2512.162
297.7024,279.6365,2518.0688
288.2435,278.92584,2525.2292
285.50647,276.57718,2539.8281
281.16528,283.3162,2562.6992
280.44003,285.31216,2568.8577
279.84607,279.0656,2578.2678
282.52264,278.63394,2579.7253
285.48218,273.7661,2578.7993
290.389,265.16483,2592.4639
298.6072,262.82056,2602.1125
301.25198,261.4523,2611.4395
305.41132,262.16083,2620.918
319.03494,270.72845,2641.9634
326.08505,272.98102,2649.3123
336.2315,272.6301,2658.8054
344.0021,261.42825,2661.9285
356.74567,261.15076,2668.9502
370.96613,268.0789,2681.6443
378.06003,268.89148,2693.6248
391.50082,265.99982,2714.2332
395.22644,267.1958,2714.1226
399.1479,262.79944,2717.1125
404.0238,261.54593,2713.871
406.50354,263.5677,2715.2488
408.86786,265.89044,2721.3574
412.21674,266.69733,2734.6406
413.7547,266.44806,2744.2434
413.14178,262.91583,2752.4724
412.24896,262.5265,2773.2395
409.28125,266.26,2789.5732
405.6136,266.60312,2803.369
404.56473,270.4635,2810.1987
404.26703,266.22394,2817.8438
400.2633,264.3845,2825.6797
390.3097,268.92474,2831.8354
378.82947,264.33813,2847.743
372.67902,261.82043,2859.607
366.34775,256.76273,2871.8513
360.84164,254.35059,2876.0708
345.87158,245.89845,2879.4116
330.7536,230.69713,2889.3901
326.1922,233.6195,2895.7737
321.40527,227.31432,2905.4429
314.878,221.63669,2911.6792
284.17487,209.60873,2917.0608
275.77094,194.431,2918.5374
268.96298,179.66963,2926.1016
263.97824,179.24802,2929.0361
254.71866,173.81506,2938.147
240.5611,158.86719,2940.8142
241.36272,158.55087,2943.3987
240.90396,150.42218,2942.9001
241.57349,139.2647,2940.06
239.96844,124.5406,2944.9905
225.84686,106.97843,2946.485
208.28241,98.74481,2948.069
206.93289,92.66034,2948.7932
214.97696,86.99898,2960.7256
226.00969,75.83267,2965.8289
218.68321,75.77608,2967.9663
218.66396,77.54549,2965.4873
219.52748,70.68155,2966.1023
219.00916,70.96031,2966.2876
217.90764,69.94618,2966.7095
219.87094,64.42592,2961.6577
225.05638,47.89296,2963.9229
223.75214,48.080414,2960.8284
227.56656,33.342438,2966.817
227.47647,27.691925,2973.6428
227.72934,24.467712,2979.3936
226.91748,23.68486,2981.752
225.26334,23.025345,2983.6504
223.82419,35.43573,2981.271
198.56696,38.61345,2992.5923
189.29541,37.51274,3005.3765
191.3349,24.39441,3004.3105
195.52289,22.932343,3000.9265
193.38898,20.273346,2999.9187
188.60602,7.945282,3001.3147
184.36688,12.590576,3003.3252
182.06454,11.054657,3007.949
173.41959,1.1193542,3006.38
168.80603,-4.20047,3003.8472
167.33487,-5.0309753,3002.0566
158.42249,-7.431381,2997.9397
152.52348,-5.712616,2995.822
144.77608,-7.1609344,2988.6936
136.47818,-7.4915924,2985.6853
124.500534,-6.2072296,2976.2834
117.24312,-6.5181885,2970.546
112.30667,-5.488495,2968.8083
102.7842,-7.774765,2966.513
88.20356,-14.078217,2951.8687
81.64572,-18.092072,2947.1633
77.09787,-20.113815,2939.2256
72.95305,-17.273407,2933.0981
69.2887,2.1300354,2955.8538
69.79817,-3.6950989,2947.146
68.32621,-4.785385,2943.6711
60.718414,-2.0385437,2942.3406
55.80723,-8.095734,2939.467
47.32213,-5.366852,2932.5737
51.196743,-4.6324005,2931.288
48.93622,-0.98132324,2929.4941
48.948322,-2.0888672,2928.3794
47.526554,-3.4701538,2926.5413
28.567238,-18.479279,2934.086
28.822943,-36.517303,2919.8687
26.430946,-36.242508,2923.607
25.955688,-31.323944,2927.9458
25.167706,-47.61322,2927.8064
29.040936,-32.892548,2928.9182
30.764446,-29.892456,2929.4028
30.304907,-32.307755,2932.5454
30.521355,-29.850998,2933.4702
30.493551,-25.546066,2937.921
31.750206,-21.506744,2936.247
32.70688,-19.75917,2938.8657
35.161446,-15.851242,2942.188
43.389538,0.9002991,2943.428
41.345886,-2.2580261,2943.6973
56.49636,-29.11522,2926.5957
71.53179,-11.876694,2941.465
65.57106,-2.2724457,2938.652
63.421864,0.42199707,2938.9526
63.32076,0.90625,2939.373
69.24611,0.9783325,2941.8718
73.15961,-0.021957397,2941.3782
73.282074,-5.2678833,2938.7244
79.30191,5.9363403,2930.2773
74.671684,0.2995758,2932.5996
74.13217,-0.7943268,2933.4165
73.615616,-3.806717,2934.1304
76.06438,-0.78733826,2928.6602
76.21682,-0.96484375,2923.9292
76.645485,1.169632,2923.8262
76.17807,-0.83618164,2923.4614
84.19102,8.315384,2967.659
84.26106,15.468155,2984.4724
79.77223,22.448334,3015.0083
84.726746,25.777924,3010.6433
87.693085,60.37834,2999.506
96.24118,61.39711,2999.6555
125.52375,94.99588,2998.8901
141.77536,113.93088,2997.2705
173.4293,148.30157,2979.68
188.2587,156.36655,2978.8708
240.58377,243.64432,3001.464
231.82848,241.36832,2996.0874
230.57156,244.75983,3004.7527
229.50916,253.61078,3019.9336
228.46815,268.92804,2990.3535
213.73611,209.24756,2926.6868
219.59517,215.7373,2925.7012
223.26328,241.46759,2936.48
225.90906,252.37173,2948.7524
259.23813,276.0895,2949.774
276.91385,288.18365,2941.77
293.21692,301.54013,2930.4072
322.8697,316.53174,2910.8474
337.3462,317.88385,2902.2336
342.8501,320.48965,2902.8154
288.6449,371.42136,2959.7834
269.6708,361.21155,2957.1545
268.78223,351.9452,2934.411
272.6095,347.50647,2925.7827
272.18292,348.55722,2920.0
273.72302,349.10553,2913.1365
301.8519,367.72784,2912.0322
318.0992,374.0206,2911.4158
323.11475,375.55594,2912.8455
324.09094,374.3256,2914.761
325.33185,374.73965,2915.9436
329.40234,371.6282,2920.204
331.8806,371.17908,2918.7043
261.3797,357.97607,2947.2952
242.65768,366.8363,2949.1072
251.81662,366.91888,2948.9626
278.46368,377.06183,2945.4048
306.30658,394.57928,2946.1309
328.16742,396.8044,2949.535
345.08728,400.9084,2948.2673
354.51544,402.93506,2947.6145
367.77444,395.97772,2944.8088
370.90027,388.49335,2942.8945
382.9314,387.7386,2941.9539
391.41116,386.84872,2941.4963
399.66147,376.8995,2944.2327
403.8067,370.4244,2942.5686
412.90018,359.69644,2942.2378
419.48987,354.86392,2941.613
429.24817,349.9363,2944.8108
433.13434,347.46408,2945.8787
435.03912,340.21802,2948.428
434.99243,325.59238,2952.1929
433.03796,317.2995,2953.5684
443.508,312.14307,2952.2764
455.26575,307.5699,2950.1257
461.63214,296.28082,2950.0518
467.35297,285.14746,2950.0203
470.66693,276.06177,2954.9854
473.3302,271.02124,2957.4697
473.16034,266.00153,2960.2148
485.58975,258.00482,2958.6104
496.7983,245.00262,2954.3018
505.90216,234.99454,2948.1326
504.95203,228.49557,2948.5593
500.45703,219.74158,2953.2715
503.22415,209.86664,2953.1272
504.1115,201.93167,2951.06
521.05414,192.46538,2946.028
530.0263,187.22948,2940.5068
534.01575,184.1135,2938.2473
537.5754,182.57922,2934.6604
538.7769,168.79552,2931.8408
539.9337,154.91083,2933.943
536.4746,147.45825,2931.976
536.77234,143.72403,2930.4756
546.4004,142.86295,2926.7395
553.20984,138.43399,2917.874
556.6138,136.71933,2917.9407
561.32166,118.862686,2914.977
565.1736,109.43454,2914.9956
560.6117,104.71925,2911.5042
566.8091,101.85792,2907.7476
564.90985,100.42304,2904.3616
559.96136,97.70778,2901.6714
569.5363,78.86211,2889.364
588.7698,69.43231,2882.6848
603.3977,64.215706,2879.3433
612.2042,61.60586,2885.168
613.60425,59.802444,2886.0806
626.29895,59.90144,2885.0396
643.64966,59.95354,2885.5232
655.4103,59.985905,2884.8037
666.5895,59.008614,2878.906
675.7876,57.50712,2875.956
684.39343,58.253204,2882.978
691.18884,58.626503,2889.4868
709.0836,58.81123,2890.2356
720.56647,58.90655,2890.1272
728.29535,58.950882,2889.5613
735.6527,59.4684,2891.266
739.3281,62.730446,2898.1255
751.1636,71.86065,2897.053
759.5758,85.42406,2889.0107
764.77795,91.70177,2885.9792
757.4098,95.82775,2888.4292
757.68396,97.4458,2889.3174
755.8708,102.70949,2890.6548
756.948,120.810524,2885.739
762.51465,129.90034,2884.8706
769.2678,140.40329,2890.3462
772.6717,153.15816,2880.0686
771.8386,165.50932,2871.3853
769.90674,171.69238,2865.064
771.86096,183.22752,2865.318
770.8508,190.50722,2862.4583
767.8904,203.19798,2850.6172
766.9042,209.5261,2844.6296
760.82666,221.64821,2839.1287
761.3205,228.24509,2831.9475
759.0952,237.06766,2823.3853
741.487,244.98235,2816.5906
728.0817,248.8757,2808.681
726.46704,255.88428,2796.767
729.66235,260.39484,2787.7222
718.2506,264.14294,2780.2598
710.58307,263.04282,2776.0876
714.25,260.49698,2764.4846
714.0978,253.73773,2753.1816
706.52466,250.85643,2754.0547
695.7494,248.92358,2754.5034
691.37585,243.46584,2752.7375
685.68536,227.73288,2750.3584
679.85016,217.87027,2748.1885
664.4291,200.93918,2749.0945
653.6955,185.95801,2748.0312
644.84766,166.98117,2745.0115
634.9225,150.49057,2749.0027
617.9688,130.75041,2753.5066
609.9783,112.3696,2754.752
598.478,91.17906,2766.3652
592.23737,73.58853,2772.1812
579.1205,53.79294,2777.0977
559.5522,40.88533,2793.556
541.81226,28.486847,2808.7637
524.8976,15.731705,2819.888
506.44324,13.851669,2829.465
494.22418,3.9158783,2842.2664
490.11908,-3.5471497,2856.167
484.07123,-14.26886,2874.608
469.03766,-12.134155,2889.811
457.04193,-10.04039,2899.9119
457.02448,-7.5170135,2901.459
451.50687,2.7433472,2901.202
452.76184,14.38208,2899.6025
450.88586,23.193039,2894.3086
450.44366,29.097641,2894.1511
451.23767,37.07016,2893.578
451.1313,51.051865,2890.2883
446.58893,75.067024,2894.6265
441.31964,87.06552,2888.8284
438.65048,110.965256,2883.0564
440.38644,124.577515,2879.5435
437.1942,150.76451,2877.3335
427.09888,170.86879,2870.7073
410.0522,195.42969,2867.3716
398.52737,208.21295,2864.1926
377.26312,227.08827,2861.159
364.6419,249.06165,2857.0854
356.82556,275.04065,2844.0295
340.4126,298.0193,2820.0027
319.19824,317.50128,2800.9531
302.58173,339.7207,2780.9211
279.2722,352.32907,2754.9097
251.57843,371.07208,2724.3218
227.26706,380.0031,2696.1091
201.63483,388.01163,2663.0447
172.77272,395.38025,2624.503
140.39159,393.15924,2586.282
106.7274,386.06628,2547.2063
71.40431,364.51096,2515.6802
37.768673,341.8016,2483.9001
14.498862,320.65497,2452.9526
-15.193199,292.94135,2428.9797
-47.28906,263.98315,2408.9788
-79.95305,234.7838,2379.486
-110.30016,200.4753,2361.3584
-137.44235,164.94365,2346.1917
-168.55388,130.12898,2332.0605
-198.13495,92.23227,2323.463
-229.02983,60.304153,2319.0417
-244.16043,30.473076,2331.3713
-258.09824,-1.1895332,2347.0796
-274.4474,-31.98801,2351.9658
-286.66904,-49.952423,2363.4653
-305.3157,-73.45826,2361.2234
-313.13977,-93.71847,2366.108
-322.55164,-110.84772,2363.0496
-319.2749,-121.918144,2368.52
-312.05515,-136.91202,2363.7422
-299.03525,-144.45663,2355.8647
-280.02225,-144.72418,2346.9182
-253.51236,-139.84544,2339.924
-232.3135,-135.413,2329.395
-209.23483,-126.190895,2319.0984
-187.68315,-113.587555,2310.9746
-144.3682,-101.2159,2307.307
-106.31735,-82.54303,2308.386
-71.87201,-65.6236,2314.149
-23.188501,-47.217903,2317.5125
19.265148,-32.034523,2323.3552
57.925415,-20.068445,2337.3738
109.1643,-6.7695045,2359.5305
145.8892,5.9603243,2377.617
192.36484,15.517859,2395.3877
230.02646,19.029697,2414.7424
259.57938,19.289568,2427.904
294.4465,20.908173,2439.9517
330.37286,18.113152,2454.6804
359.56256,12.932362,2483.1013
390.10815,3.2502913,2510.436
419.4344,3.4808903,2528.1855
444.24094,11.235272,2548.0251
462.71387,13.765716,2576.5015
479.76953,14.904937,2609.4373
492.388,6.9223704,2646.401
498.17706,0.32717562,2690.423
503.15152,-8.397945,2733.0242
515.78546,-13.6851635,2773.8848
516.6316,-16.327507,2812.825
518.07275,-19.627365,2866.8286
512.0725,-24.874615,2912.3293
492.0652,-30.539108,2962.046
456.70972,-27.836723,3002.9092
420.4372,-24.450195,3030.9106
385.42328,-27.544807,3069.4705
360.55798,-31.777122,3120.1172
335.80215,-38.35363,3152.291
299.90848,-37.289543,3183.0146
275.75055,-32.374634,3222.5718
240.53009,-13.749329,3244.568
240.15701,-31.245926,3188.2793
219.42372,-56.952972,3157.4165
198.59094,-75.57687,3128.2883
168.70819,-85.17967,3103.51
135.56114,-88.45209,3081.4587
97.1336,-89.94116,3060.6035
60.826515,-88.17563,3035.3472
29.790764,-86.19583,3017.9917
4.566139,-87.893585,3004.317
-20.832237,-81.80617,2987.6077
-36.673332,-76.173325,2971.977
-45.89911,-76.560165,2975.08
-45.545383,-75.5495,2973.4338
-26.812178,-73.486786,2968.3723
-15.209952,-73.42316,2957.1792
-10.719834,-75.102936,2946.4512
93.628876,4.8135986,3014.6475
166.85948,68.120804,3098.3923
204.19806,160.69666,3178.4446
176.32729,253.81659,3184.9775
145.85625,318.06293,3171.1482
120.73164,343.92017,3141.6133
100.051796,402.0081,3082.1975
126.2319,383.81467,3062.7024
152.40869,330.37744,3015.935
193.12761,280.0105,2982.3171
221.56943,221.56038,2949.4097
233.87979,136.0525,2913.7986
222.30931,53.035812,2878.9023
185.99005,-37.17852,2828.7727
121.35669,-115.39241,2793.5386
83.71366,-150.2366,2775.028
-25.765823,-195.48044,2744.309
-64.85483,-196.6721,2713.9268
-121.27635,-197.1174,2673.7441
-160.15138,-190.95715,2652.423
-180.78798,-180.04431,2638.8184
-194.25186,-162.23952,2633.587
-264.6475,-145.7728,2637.6895
-335.4892,-120.808105,2672.322
-383.32077,-87.82753,2714.889
-439.12488,14.8033905,2699.664
-493.7871,95.35144,2699.2136
-552.12476,154.83603,2701.7388
-627.0214,207.10907,2689.9304
-675.2126,290.84875,2693.3118
-697.2025,375.29077,2706.1729
-611.8534,589.9181,2773.2546
-567.5647,649.071,2797.1216
-510.6904,689.4072,2814.486
-435.10355,680.66846,2844.7292
-363.7583,687.07263,2861.904
-297.06415,681.0751,2879.1345
-218.52744,685.323,2893.544
-75.21054,566.19867,3051.004
20.986725,451.16147,3126.4106
-1.4720764,527.13275,3140.3765
34.565704,528.89984,3082.1428
116.19183,470.58658,3034.105
207.61015,384.92297,3000.4463
276.1643,317.5066,2973.3833
325.4538,239.91833,2955.2332
376.18204,168.94316,2923.9211
414.53568,101.97907,2909.4504
443.1749,34.71219,2899.432
470.1775,-36.636055,2879.5222
482.73218,-112.42792,2871.4683
489.72772,-188.60664,2856.3298
489.2786,-258.62424,2844.454
479.94778,-334.18335,2823.9717
476.19308,-424.54858,2795.531
466.27502,-507.71893,2769.3997
437.686,-569.7814,2750.4138
394.9745,-606.8592,2725.812
349.2093,-628.44324,2720.425
304.11188,-640.1643,2711.8801
263.11758,-647.54297,2696.5923
227.15889,-653.2871,2690.8066
192.75209,-653.7106,2675.8203
158.95042,-651.8672,2665.93
125.999535,-644.93756,2656.4675
95.06543,-646.496,2648.7107
64.059525,-645.25574,2640.3567
31.502892,-640.6212,2634.674
-1.2277527,-638.8215,2631.323
-33.495903,-636.47565,2627.0728
-61.23242,-625.2367,2623.0571
-91.10405,-611.62036,2618.0408
-113.51308,-599.3031,2615.0884
-135.18735,-574.1467,2616.1316
-154.02124,-542.52576,2626.8071
-167.40692,-518.2325,2630.1123
-175.93112,-483.11462,2640.1736
-181.23822,-449.03326,2650.271
-176.88797,-408.91724,2659.0713
-168.39691,-377.34146,2675.0964
-161.57849,-341.06613,2684.475
-164.4878,-315.5567,2690.1113
-174.00671,-293.9536,2697.4175
-185.21848,-269.71832,2694.9465
-138.46277,-193.74834,2724.618
-107.35396,-140.10362,2753.542
-84.4678,-82.42641,2776.868
-62.07118,-28.151726,2802.91
-38.73728,36.446312,2802.8647
-0.7968216,106.26855,2815.943
32.739723,185.21628,2831.9402
44.132515,264.30206,2846.965
41.156296,325.6974,2852.4429
29.261093,385.47934,2872.2031
8.195694,427.776,2894.0823
-3.1856995,461.54443,2905.0234
-25.416916,485.41217,2936.5193
-39.63675,497.75354,2956.7483
-41.686386,508.96356,2963.3604
-37.79744,517.54156,2974.2234
-29.4011,521.7545,2984.0864
-14.197365,528.86993,2982.525
-5.111801,535.96045,2981.8167
6.933647,545.4855,2978.4204
26.062561,545.6238,2972.3674
40.44937,549.8313,2969.264
63.23088,555.8444,2962.983
85.63655,557.90796,2959.9514
109.82412,549.9496,2951.471
129.4236,533.47156,2946.7153
155.69363,517.2122,2946.3325
186.8335,491.09912,2940.6792
221.46251,475.58978,2937.354
251.80215,449.86108,2929.2068
297.01294,420.45508,2919.4504
342.0221,393.23212,2901.0579
380.0044,362.65067,2885.0513
415.0158,318.3368,2876.5037
442.01047,270.16785,2869.7551
465.08118,224.11624,2863.372
484.64914,181.11876,2851.713
498.68784,140.36136,2832.057
507.25604,100.73357,2811.6243
515.83923,64.98511,2802.9116
512.1067,37.734314,2794.803
504.2034,18.733994,2795.6772
499.10672,-8.978226,2798.14
490.4604,-32.49095,2781.6753
472.55243,-50.535843,2778.7017
460.50214,-64.06741,2777.0188
446.91193,-70.598236,2775.9092
434.56586,-75.882965,2769.3984
415.9206,-87.54416,2759.0684
391.05374,-101.37164,2761.2505
352.442,-131.32248,2743.6758
282.3232,-83.28012,2655.0059
291.4274,-118.2626,2630.8213
277.2373,-114.14482,2573.698
258.8083,-125.622574,2524.18
218.6518,-106.329834,2474.7178
177.16801,-99.78226,2429.9026
126.37224,-103.19284,2389.5999
-8.575394,-89.52278,2325.5972
-65.20931,-68.80957,2308.296
-116.478226,-46.978745,2294.0732
-160.22795,-12.994568,2285.3435
-195.72893,17.078064,2282.5437
-225.99356,44.617035,2283.5999
-258.52252,68.31596,2291.7039
-294.4422,94.27431,2307.2656
-330.35437,121.21881,2324.554
-363.2516,149.15811,2344.2502
-390.67285,183.61028,2368.6104
-403.36444,211.82387,2387.7964
-411.73346,240.44824,2402.891
-416.47272,270.8018,2413.4417
-415.24454,299.9054,2423.2173
-408.65912,308.97556,2423.5942
-408.33557,332.49054,2428.7908
-414.6623,348.24173,2425.395
-19.255486,337.81662,2349.7522
150.63977,328.43454,2354.9197
241.28168,300.94165,2300.8008
262.28992,309.12357,2224.0278
268.50867,326.2359,2160.5151
254.22646,326.8006,2098.9238
235.6074,319.06268,2050.4734
210.06982,301.5997,2009.2277
178.59439,275.2517,1972.635
139.81769,247.58852,1945.8527
96.42451,216.29034,1928.9253
59.72768,190.6524,1920.9584
20.79793,168.27576,1922.9653
-11.637131,152.60805,1932.4816
-37.80339,145.82,1944.2258
-64.9304,142.88531,1956.1151
-91.97842,141.4306,1966.0593
-118.533195,144.6579,1979.0743
-147.77354,154.32025,1992.5415
-164.39551,162.15512,2003.7703
-183.26213,177.02548,2015.9093
-212.71498,188.06458,2031.6241
-225.24911,166.26982,2050.876
-225.4398,122.62782,2065.506
-244.78206,105.796646,2080.7358
-272.02567,96.37958,2088.3264
-286.09024,86.16208,2088.1548
-291.06528,67.58182,2082.0645
-293.00107,45.287384,2073.5415
-298.56125,19.151917,2068.738
-311.77863,-0.48620605,2065.916
-162.61456,65.96562,2074.0405
-124.59447,44.82419,2081.2388
-95.164185,32.48517,2093.9014
-73.47157,21.366608,2105.3628
-98.37563,-51.367218,2071.5496
-66.45638,-37.27417,2051.317
-34.170586,-37.576843,2035.6433
2.2376623,-30.97519,2027.4923
36.44471,-22.28244,2026.3997
70.940025,-14.86676,2027.5193
182.27975,33.36902,2033.1399
205.64938,45.66118,2043.5919
225.31741,58.821762,2050.7988
239.63472,74.41585,2063.8826
250.79948,90.216385,2076.4246
259.33572,106.11833,2086.661
270.14767,120.03726,2095.3342
281.5863,134.01877,2102.175
286.28354,145.01591,2113.5752
294.61298,161.50035,2122.2715
301.25146,173.69446,2129.1372
308.12946,190.34845,2136.0698
314.53085,199.64096,2141.0322
319.76758,218.32773,2147.5103
331.415,228.65486,2150.3013
345.75208,240.89557,2148.13
355.88477,254.94307,2152.0796
362.9353,268.4765,2161.0334
370.9789,285.26398,2169.0034
380.99142,304.63943,2178.4958
390.45447,323.7901,2188.223
394.18567,345.32797,2204.628
398.07462,366.62082,2224.8372
409.5042,389.24426,2242.9478
414.74954,414.1191,2269.473
417.34332,429.50473,2291.2534
416.16742,448.2063,2326.1902
415.59113,464.5934,2355.127
418.761,482.70306,2383.64
413.84766,495.3249,2414.2788
407.88757,498.6106,2444.1338
409.9126,497.25217,2473.0786
413.9101,488.51355,2500.6753
418.9425,476.71844,2523.8962
424.9621,468.34656,2547.941
463.85345,456.13483,2586.7603
465.40555,451.03738,2600.836
463.1972,456.5094,2617.9106
464.58286,466.23242,2639.4082
476.28195,478.60223,2655.6912
495.64127,478.30243,2675.8318
520.81976,479.65353,2698.9043
551.40216,472.8144,2716.4575
576.19885,472.4073,2732.7153
607.1141,464.2229,2743.8225
642.5554,455.1126,2757.9036
679.78345,442.5682,2772.4507
716.3929,421.28723,2778.1956
753.7201,395.17395,2780.077
799.3513,371.58624,2793.065
837.25775,337.38538,2789.5618
876.17926,291.2563,2781.8118
901.1217,242.66934,2756.9233
922.5497,185.33719,2732.5088
928.26013,136.1691,2697.8154
941.6535,94.11996,2673.5403
960.32416,53.074512,2648.8142
984.1648,3.052887,2620.4563
993.09,-41.45807,2585.7947
1005.5416,-78.72263,2558.4229
987.473,-110.87471,2527.778
974.73267,-144.43361,2492.8726
948.09454,-169.34363,2464.4893
930.0836,-190.51205,2437.2664
909.06305,-212.84436,2410.65
900.055,-242.40657,2374.8735
876.24023,-260.13623,2352.9255
851.6232,-281.06244,2323.4658
825.8129,-306.03033,2289.7192
801.4088,-330.0137,2257.8452
768.7045,-346.00702,2232.4026
739.33527,-358.00812,2216.68
707.15466,-362.00723,2207.8264
674.57605,-364.00415,2203.4016
643.26025,-370.0088,2195.6904
620.61395,-376.50812,2194.8394
600.8273,-382.75467,2197.3977
590.3994,-391.38187,2203.1882
574.2524,-403.18283,2206.5884
579.1972,-422.0813,2205.2832
581.6107,-443.03806,2210.1423
600.3201,-465.508,2217.5996
619.15063,-480.7514,2223.8203
642.0708,-495.37128,2236.4321
670.1144,-505.11957,2246.3452
703.5619,-511.03827,2259.2427
738.78644,-506.022,2274.6252
771.4176,-487.97595,2285.8965
802.7099,-466.96317,2293.5283
833.86786,-440.94745,2299.348
858.4348,-408.4414,2305.263
877.19696,-367.17883,2312.2659
892.1001,-322.56335,2310.7046
900.07733,-276.74057,2305.9187
892.5783,-224.38124,2297.4001
882.8092,-172.68346,2285.7085
864.4304,-127.1477,2268.4192
842.7161,-82.86547,2251.7158
814.9063,-41.974792,2233.0024
783.6887,-7.0743637,2212.1826
753.5899,23.663544,2191.856
718.57196,46.956284,2168.6023
704.6156,73.74687,2131.582
688.36365,100.91849,2092.7634
658.729,126.503204,2056.435
614.7655,148.60896,2025.5339
567.3403,169.71935,1999.6152
519.0957,189.23956,1975.6392
469.57138,210.11119,1961.4121
419.7968,235.0624,1950.6726
378.9115,266.04056,1943.8479
324.97534,296.03763,1946.9775
269.01822,320.57162,1952.511
222.05295,336.87402,1974.7625
173.5215,356.9152,1993.927
132.79135,384.0263,1997.4338
89.88666,413.00198,2005.652
47.9478,450.50183,2010.8284
14.458206,489.72574,2024.3667
16.673843,493.51172,2063.514
8.35405,513.3019,2091.2517
13.923401,526.6639,2119.9521
21.910675,542.8742,2143.903
30.350975,559.10376,2163.9836
40.642715,580.46875,2181.2817
54.26294,598.48914,2194.407
71.698166,617.7205,2204.6667
93.76256,629.3986,2214.3904
121.50359,644.00104,2224.168
149.10054,654.9519,2233.1414
178.06488,665.2118,2240.432
208.97598,664.1268,2240.1829
239.77621,654.9928,2237.4688
273.6659,643.7442,2232.8352
312.19318,628.8906,2222.5674
342.3451,603.7575,2209.0515
368.2167,577.3316,2188.1382
386.6234,542.0763,2164.2156
404.3124,508.0449,2134.1316
419.6726,475.0554,2106.0603
427.8189,442.0568,2073.501
428.8684,410.54437,2037.7142
413.8802,379.78558,2006.3137
394.43713,352.39865,1973.157
365.29303,324.1689,1946.1537
328.74396,303.0196,1930.1997
294.014,286.02197,1918.1572
275.353,280.6251,1912.0854
235.30609,280.8637,1914.0366
177.49136,281.16437,1918.9729
109.861595,267.35977,1940.8298
58.53969,247.96538,1975.7056
18.653976,232.15701,2014.2054
-11.479874,216.42407,2048.6863
-44.087524,203.97937,2086.0042
-71.02748,185.98785,2132.3232
-89.39605,163.98058,2180.4675
-113.56898,152.23885,2227.238
-131.04398,132.10745,2277.631
-129.40204,120.85959,2321.5989
-121.24111,100.18384,2366.3828
-109.04855,73.52879,2413.9258
-99.14064,57.880646,2450.3635
-73.18861,35.744957,2474.198
-49.018486,6.5651245,2492.5354
-36.88806,-7.8715744,2500.474
-18.927368,-28.412148,2503.3206
5.2938995,-43.919342,2504.9739
24.410522,-53.54058,2505.441
46.860786,-71.89789,2500.1482
68.14416,-84.336426,2491.1199
82.81238,-89.95565,2483.8857
97.890495,-96.495636,2484.878
111.77277,-99.46926,2478.6982
120.59192,-101.84372,2485.3445
126.25493,-106.13867,2495.9485
148.13356,-69.72516,2478.392
168.81993,-7.1920624,2473.0852
175.73933,29.358742,2493.056
166.90573,42.787056,2510.5447
151.75554,47.896423,2532.5044
134.1515,47.60946,2559.954
125.27017,39.907562,2588.9597
117.0468,37.657738,2620.2993
105.71536,6.036148,2649.0437
83.58174,-19.45063,2677.376
77.934296,-50.768456,2712.4285
47.727478,-68.1681,2741.8552
35.03128,-122.02126,2759.4475
17.734406,-176.18492,2767.8896
-47.88365,-174.94196,2820.2246
-113.58733,-171.63025,2867.9172
-160.68982,-161.33861,2896.142
-209.71004,-174.65039,2894.7026
-275.71878,-198.31973,2887.5137
-339.24643,-200.66333,2886.397
-385.00964,-175.31715,2890.8218
-428.90756,-151.14764,2895.4446
-416.32837,-89.56012,2907.356
-423.5207,-57.26669,2911.8281
-455.1445,-30.134762,2919.042
-505.0697,-15.601303,2912.5488
-552.9227,3.675583,2908.9038
-575.8888,19.270134,2909.0156
-585.3113,35.632576,2904.6836
-603.591,48.788517,2901.4995
-621.29553,58.107185,2896.6265
-637.42737,69.25471,2887.659
-657.9254,84.15894,2873.3208
-683.9249,86.664894,2853.3433
-715.8937,101.43924,2839.2478
-725.4403,115.663925,2828.1343
-734.5714,112.80758,2822.0168
-739.12634,106.40186,2816.986
-751.47906,105.14957,2811.0366
-773.08594,104.60441,2804.6475
-791.8579,111.81573,2797.9255
-825.48444,115.948074,2788.6384
-861.2055,116.02449,2773.6387
-893.86176,115.05634,2759.9185
-914.41235,109.96015,2746.166
-925.9375,106.780075,2733.71
-940.5425,100.537155,2729.3186
-936.4243,96.98732,2725.071
-928.1932,86.52292,2723.1416
-916.1799,79.380516,2720.978
-903.7975,71.46795,2721.527
-887.41095,64.91014,2725.743
-870.7564,61.035706,2723.5122
-862.84766,52.474472,2721.4446
-848.3339,48.647156,2717.4185
-830.11505,41.28766,2721.8735
-815.6745,36.25473,2720.2634
-800.8032,28.100494,2724.775
-782.40106,28.48439,2727.0889
-762.0168,25.326645,2724.3267
-749.4248,21.553467,2723.3462
-734.23694,23.078217,2722.3074
-716.5995,18.972046,2719.3228
-696.30286,27.970673,2726.3074
-681.1189,28.372986,2723.3599
-670.59094,24.55365,2726.327
-657.7328,21.991394,2723.79
-638.34985,23.550049,2725.9805
-622.65314,28.696198,2737.1345
-598.78424,27.22992,2741.2214
-584.8459,26.511688,2738.294
-573.8733,27.110138,2740.63
-551.1546,36.07675,2746.2935
-535.551,31.989624,2744.1328
-515.29333,26.894958,2744.7383
-501.15176,20.910095,2749.5278
-489.11014,17.357422,2751.915
-473.0954,13.560699,2756.0989
-460.03717,9.229767,2760.544
-450.5437,8.482666,2762.4404
-440.75043,12.207184,2766.8152
-430.8536,17.744415,2761.9448
-413.54236,29.794006,2770.328
-401.57834,25.63382,2779.0225
-370.2484,37.522644,2794.104
-348.27676,27.104645,2805.7727
-325.94168,21.520508,2822.0808
-308.9883,16.802643,2836.7751
-299.38132,10.582397,2849.2869
-291.44022,10.903656,2860.5625
-282.36615,3.4648438,2867.4653
-269.93958,6.060364,2880.602
-260.26962,2.8513794,2889.3945
-259.79984,-7.243286,2886.0312
-246.67348,-9.672272,2893.17
-237.08363,-4.125702,2910.303
-230.68715,-10.754425,2908.3635
-227.2331,-14.05835,2909.0422
-218.56175,-18.769012,2908.74
-213.76581,-21.527649,2908.7266
-207.82747,-22.74881,2916.5803
-202.59268,-21.028625,2920.4238
-196.52393,-31.519943,2912.1265
-182.58603,-44.36795,2905.1294
-173.54176,-53.185074,2902.3047
-168.06076,-58.119446,2901.8457
-153.75188,-62.12343,2909.8547
-125.10593,-76.474686,2916.28
-118.88263,-88.07999,2912.8315
-124.90213,-97.19844,2909.6438
-131.48561,-105.86903,2907.617
-137.43053,-109.46323,2906.2834
-150.66032,-117.645874,2896.3875
-169.73157,-109.97623,2896.772
-183.00595,-109.76636,2894.9414
-207.6932,-126.64978,2891.2986
-220.3142,-149.31003,2891.8936
-232.6614,-161.63107,2891.0288
-243.89528,-157.1879,2859.6785
-271.63727,-144.24908,2834.6006
-301.35703,-150.08472,2811.5662
-331.72357,-155.89206,2802.21
-363.86993,-168.92455,2798.688
-390.41257,-176.79851,2798.7957
-414.18088,-168.2966,2805.2075
-411.01736,-170.3979,2799.7542
-404.4967,-182.7485,2799.0933
-390.25708,-190.93843,2792.24
-383.1161,-199.96518,2788.3542
-374.52435,-205.93185,2782.8916
-364.467,-208.97502,2776.602
-349.64304,-215.55339,2770.5186
-341.42984,-211.69083,2762.9316
-333.0107,-203.24773,2753.6611
-318.50256,-189.08598,2736.4844
-302.82642,-175.19342,2734.2668
-276.44635,-159.75797,2738.6387
-264.11865,-141.90256,2742.1616
-271.58716,-132.77802,2735.0269
-278.8606,-115.51991,2741.1833
-287.33386,-102.00082,2737.2024
-301.05347,-99.19972,2737.7551
-309.73532,-97.8698,2736.8765
-315.99335,-103.00246,2732.9507
-313.7171,-113.0654,2722.0186
-299.05057,-126.85727,2716.51
-286.86273,-145.5084,2714.8252
-268.97876,-171.2269,2715.634
-248.23322,-193.7092,2708.526
-246.60977,-183.86522,2703.3713
-249.62885,-159.18977,2703.656
-265.3547,-130.1583,2703.4673
-229.6152,-130.21593,2700.6797
-230.71005,-118.453995,2701.0183
-197.4231,-115.87457,2699.9827
-199.50543,-109.34928,2704.3958
-227.7232,-83.737465,2711.835
-198.72931,-75.15452,2712.3955
-214.25818,-73.86682,2726.424
-250.08728,-50.26983,2725.1536
-284.20953,-52.277718,2737.745
-318.2369,-170.4085,2827.1807
-320.44144,-246.40002,2864.5127
-285.86325,-167.14381,2842.4614
-328.37424,-102.954926,2823.321
-349.19446,-67.09664,2809.2458
-364.30072,-41.065178,2796.721
-368.4296,-17.576805,2784.8926
-371.52972,-7.4138184,2775.4766
-390.06433,13.656342,2747.9534
-395.46133,15.435806,2745.8928
-399.64636,18.24411,2746.6106
-394.78683,24.683365,2743.9963
-387.02563,31.751526,2735.4055
-380.53528,41.36731,2724.842
-379.79816,46.152336,2720.5967
-379.47177,53.109,2721.9114
-368.0011,65.65682,2717.4958
-356.92804,78.8701,2707.4558
-346.41458,85.88514,2702.4004
-342.12207,98.55713,2700.8958
-331.60623,98.72634,2696.168
-314.9974,112.52661,2690.0215
-298.07135,117.31991,2689.1619
-282.1176,123.23129,2688.7034
-267.09164,125.68457,2690.5442
-246.75604,140.56935,2685.67
-231.39401,147.30135,2684.5261
-207.78125,149.61986,2681.4553
-191.14626,150.88303,2685.9695
-174.65858,152.00334,2684.9329
-151.92426,153.08888,2695.9292
-128.55237,155.10379,2698.517
-103.84453,152.04312,2694.8972
-80.48958,156.06784,2694.0583
-59.522827,152.98485,2689.4827
-34.473587,140.72754,2684.203
-16.831497,135.08505,2704.5503
-2.8015747,134.12628,2713.0464
18.54123,126.07451,2722.3308
26.240417,117.05804,2732.0784
37.620598,116.0974,2734.4087
52.931046,101.73116,2738.0679
67.01928,91.950195,2758.9617
84.55422,89.05787,2771.3901
100.032394,82.92396,2792.4114
116.903885,75.43689,2813.0435
128.40285,67.21906,2835.8977
134.19075,62.13575,2851.7795
141.59735,60.090683,2877.771
151.29684,58.55249,2912.8252
161.14098,53.275177,2943.3662
161.54884,50.629654,2972.6062
169.31497,50.348373,3004.2524
168.66821,40.685913,3029.5984
166.86707,30.864853,3054.7678
153.94156,13.938873,3081.3623
138.1173,-1.4423218,3080.6882
112.03855,-15.731628,3082.3328
91.51773,-33.85997,3088.6558
75.25875,-50.42769,3092.8064
60.638344,-65.207504,3085.3804
57.34989,-78.0867,3076.18
51.69658,-92.5314,3071.088
51.421753,-102.73204,3054.9954
52.143364,-114.90135,3036.4827
41.59076,-119.4442,3023.2312
33.36479,-132.68668,3025.1152
27.640182,-141.36505,3025.0532
19.821915,-156.6843,3015.024
16.955292,-164.81985,3015.0247
9.474091,-164.90398,3010.0393
-5.672394,-174.90527,3002.5498
-12.779877,-180.42014,2998.3237
-22.903763,-190.20822,2999.1838
-26.477982,-202.61238,2997.1128
-32.597946,-205.1173,2998.525
-37.294617,-216.07372,2994.7666
-48.63437,-223.0341,2994.4082
-61.19142,-224.92969,2991.7788
-78.74727,-227.74475,2992.4717
-87.83394,-231.8467,2991.7407
-99.40779,-244.4209,2984.8486
-109.72998,-246.7553,2982.7764
-113.89232,-259.90247,2976.3352
-118.46475,-270.95914,2970.1755
-120.21242,-288.9643,2969.1074
-140.13074,-290.4848,2965.092
-152.15622,-296.75726,2957.132
-156.16269,-310.88037,2948.6707
-156.64108,-319.93103,2943.9377
-172.46716,-323.4717,2943.6277
-172.81467,-336.71082,2938.4553
-175.44553,-348.8513,2941.7886
-174.85515,-367.92004,2940.5435
-176.94672,-375.94318,2941.3276
-182.05685,-382.97122,2938.2524
-187.56021,-389.48444,2941.6655
-185.7734,-402.23798,2942.8352
-183.43164,-416.09412,2946.4856
-184.26505,-421.549,2948.2905
-186.64728,-420.76984,2953.6724
-188.31985,-415.86014,2960.8584
-181.65302,-408.46155,2968.3906
-181.32617,-390.26328,2982.1648
-183.63414,-373.13104,2990.0562
-184.80527,-348.0634,3007.0195
-172.97241,-330.041,3034.0574
-168.49448,-303.46475,3055.5762
-168.25124,-287.70914,3063.809
-165.08789,-260.76324,3084.9355
-151.56807,-238.33208,3113.0164
-147.91013,-213.18872,3127.086
-149.93478,-184.57262,3133.0408
-157.96706,-173.25919,3144.036
-147.49298,-152.11392,3160.5352
-134.742,-133.05771,3177.2546
-151.36343,-121.532486,3156.114
-162.17928,-116.76973,3144.5457
-156.58842,-133.88388,3163.2654
-141.78636,-142.92856,3173.6296
-133.39388,-159.44363,3180.821
-127.21127,-182.71487,3177.9104
-122.59721,-209.32997,3166.4614
-121.77832,-243.62402,3149.7412
-129.4052,-272.3465,3128.3625
-139.22742,-306.66498,3107.1963
-155.1867,-338.32245,3076.6433
-175.61847,-365.74475,3042.288
-199.89667,-393.00702,3005.6174
-228.46483,-411.9937,2974.3296
-258.03424,-424.0932,2934.8464
-268.0899,-332.87,2916.0586
-272.79083,-332.7046,2898.6191
-277.35147,-337.28577,2869.835
-287.86307,-317.51392,2880.2935
-295.16956,-306.81635,2874.9946
-310.52588,-304.63702,2876.0413
-360.78552,-276.99506,2949.4988
-405.12097,-257.34726,2990.4521
-440.52103,-210.15451,3026.6116
-447.73108,-176.4174,3044.332
-451.66125,-144.2697,3058.605
-444.69144,-110.11003,3054.2603
-439.93277,-98.705475,3065.7104
-428.00275,-89.79419,3067.879
-412.78577,-81.95279,3068.4146
-359.8659,164.98482,3021.7632
-249.85356,225.88922,2967.0713
-147.46028,330.38974,2932.181
-125.38089,435.14508,2915.8704
-134.02,508.57983,2918.3123
-136.91211,546.0182,2922.7874
-158.44083,560.0099,2987.1733
-120.34148,529.4927,2979.3247
-87.45804,493.6539,2972.4043
-57.562607,457.25128,2955.3364
-31.094849,405.0722,2925.7773
5.9895325,369.5418,2901.3115
28.694107,332.24826,2873.8796
50.000122,289.11533,2854.1365
63.63588,251.04008,2831.727
71.261795,211.24265,2802.4019
79.655365,172.42313,2776.5188
77.52861,135.65157,2746.8335
73.05963,115.171906,2715.261
78.143684,87.30946,2684.7295
68.51617,65.318954,2645.1755
63.09651,45.92108,2612.2107
45.85768,35.0231,2574.8445
24.751274,24.91446,2550.3699
7.494255,15.298981,2521.7627
-22.17978,42.125854,2537.768
-36.156788,27.932587,2531.851
-33.801186,14.387604,2522.2832
-38.73176,10.5034485,2523.2153
-46.559387,4.560974,2527.6243
-42.95291,-3.2059937,2540.1484
-36.535034,-9.26355,2553.3545
-28.328926,-23.310638,2563.3572
-16.42693,-35.168686,2567.7812
-49.385162,-12.522537,2496.3108
-122.144066,26.52002,2492.437
-168.14117,71.15279,2472.5781
-191.12073,119.08065,2448.7173
-7.272995,11.063995,2477.3555
55.696854,-34.469597,2475.8691
185.55551,-123.23309,2455.4426
224.84119,-150.90347,2443.0288
252.08429,-169.77202,2416.5757
278.7453,-179.98132,2397.104
303.7594,-185.2386,2386.6365
332.01825,-179.64264,2378.439
351.49158,-170.7257,2362.973
402.04288,-157.34216,2343.221
423.09592,-135.17342,2324.961
432.04865,-109.11978,2305.8833
442.10504,-85.53,2281.4412
462.0863,-32.75302,2266.6846
462.0647,2.130085,2251.8518
448.00345,32.036118,2235.8892
429.98492,51.499687,2219.9229
415.95837,73.21945,2213.425
400.49927,87.62075,2203.7148
386.25113,105.80515,2198.8516
368.12744,117.395775,2189.4185
357.05276,134.193,2185.1787
351.97766,152.07352,2181.0076
344.01154,176.06393,2176.9797
334.53708,204.56674,2178.4827
329.78183,230.7994,2188.7358
325.9292,253.45691,2200.8381
329.51147,261.79993,2216.8823
337.82605,261.03625,2238.2905
355.59177,255.82565,2257.357
371.36237,238.93414,2283.8657
388.30975,225.16402,2301.8665
400.76816,209.22078,2318.9216
409.21445,187.36357,2335.9521
405.04266,153.03662,2360.1775
384.8025,117.16731,2376.7266
361.95786,92.50703,2394.1086
343.52112,66.67541,2402.8308
324.40564,49.37136,2410.7168
306.73132,33.68667,2409.2993
290.0194,22.88911,2412.5159
276.01743,24.453976,2424.726
279.47552,33.165688,2450.273
268.18286,43.02052,2468.571
257.51398,56.448433,2498.242
247.27542,74.84933,2578.3384
258.16345,66.766235,2643.4883
271.10345,79.37499,2695.7258
262.10043,99.69445,2802.8594
245.06805,109.85849,2871.4302
219.5975,118.9141,2960.1726
179.29044,135.0076,3052.1392
138.63629,138.51999,3137.0718
176.31206,51.99581,3153.6467
143.43326,-22.579231,3139.2178
100.05543,-76.57215,3124.3347
46.051895,-110.62165,3126.2202
116.22232,-72.598465,3276.755
125.49118,-5.8137894,3419.546
92.33984,62.188877,3523.7146
53.110474,115.606026,3582.7654
-74.56152,46.84803,3354.4001
38.853546,52.711906,3605.3281
-119.0132,22.599243,3379.6255
-38.16455,29.50721,3527.1719
-161.25461,136.84087,3552.4497
-163.57068,137.85938,3514.1067
-165.47252,135.35832,3486.0068
-157.90091,123.607895,3471.4526
-151.56274,122.20521,3450.1064
-138.12146,121.11195,3434.9756
-135.52258,120.099174,3401.5415
-137.75702,117.04767,3362.778
-142.29184,116.13179,3328.5242
-145.65192,125.161736,3273.441
-174.29105,128.63423,3229.7925
-272.8662,68.198074,3174.3127
-334.12805,5.960022,3149.1182
-384.16452,-43.8899,3160.297
-424.6091,-80.90793,3183.3462
-452.40033,-109.826996,3209.6826
-470.93094,-131.3247,3235.2263
-479.41516,-140.5792,3257.2087
-483.53546,-150.89032,3274.1638
-431.84134,-100.93328,3154.1094
-385.7777,-18.261673,3114.2185
-342.64728,31.030998,3095.554
-300.54904,73.198746,3104.109
-261.38293,94.79687,3125.9097
-228.81406,103.070145,3148.636
-176.22983,87.2247,3261.4954
-159.60355,66.112686,3283.735
-163.30731,37.043785,3293.3452
-184.13277,20.981224,3300.5808
-190.07571,-2.0286865,3310.7583
-196.52357,-25.501434,3319.395
-211.22406,-49.70491,3311.2676
-220.73105,-66.93111,3310.5422
-242.30319,-97.46361,3300.2578
-247.28401,-75.46492,3284.463
-190.48232,-52.88629,3228.6458
-152.78119,-51.55887,3180.4915
-115.975235,-45.26425,3127.8286
-89.01308,-37.90097,3079.0874
-68.97988,-28.630814,3042.5828
-54.057106,-20.60553,3006.1565
-44.04821,-14.152161,2978.6104
-33.82731,-8.760437,2945.1426
-28.247526,-6.3287354,2920.656
-24.552544,-5.6824646,2897.2212
-22.079908,-4.652069,2881.5432
-23.239151,-3.9971924,2874.827
-23.72839,-5.5054626,2868.24
-27.510838,-7.643921,2869.2275
42.953903,18.327087,2913.1118
97.246826,51.542908,2966.5378
142.30032,74.48155,3018.9014
162.71649,110.65956,3042.4473
172.41283,137.74106,3043.1353
180.44498,154.54889,3031.599
223.68578,187.58191,2968.755
231.34842,168.79333,2915.376
238.17706,153.89642,2855.6812
237.08861,144.44763,2802.3345
223.5381,138.22412,2746.1702
205.2595,142.60263,2697.0732
194.60652,138.77484,2671.005
167.15419,146.29086,2636.0466
163.0008,146.6057,2604.5789
147.87697,183.95795,2576.8862
112.870636,198.88449,2552.785
100.948944,244.45326,2531.8914
94.0787,275.8282,2525.9993
89.291595,294.70596,2519.9556
93.59451,316.80823,2522.4607
107.73634,338.3322,2522.6716
122.79851,345.614,2539.3494
135.87247,346.2896,2556.1816
158.92397,347.63458,2562.5874
183.45718,333.81982,2573.793
202.05841,314.24054,2584.2917
225.48961,287.04633,2594.4924
243.22467,251.5001,2605.219
252.05412,207.18204,2617.5361
190.05054,163.10144,2678.7551
161.56639,136.55392,2708.8132
152.1643,103.10042,2728.667
143.9729,64.9551,2732.258
145.96909,15.959946,2728.1074
154.99898,-39.51805,2733.0342
141.49939,-83.26106,2744.5015
128.75119,-118.62334,2771.7651
112.36919,-141.31317,2802.3953
93.71971,-152.62625,2837.2268
77.38009,-152.31348,2867.1047
70.62688,-134.65161,2888.1104
70.67615,-109.61017,2928.9502
64.56446,-85.307526,2952.9878
70.193726,-81.95215,2996.8882
69.304924,-58.51805,3024.3513
59.870182,-46.458084,3056.2898
66.111565,-37.282578,3087.297
87.64221,-15.437515,3142.9094
96.9841,-4.679001,3168.6614
87.10303,23.331268,3173.4358
85.53854,46.63073,3188.6702
87.25391,45.274147,3216.2805
78.24945,30.14814,3245.0994
79.24986,19.544357,3271.4614
62.169632,18.26509,3278.2043
54.666718,3.1136475,3290.0547
30.88919,-14.964386,3298.49
-3.5303802,-18.518585,3307.195
-36.328888,-38.245956,3307.6077
-83.503845,-56.131973,3307.2954
-125.21149,-68.0833,3300.6921
-171.74974,-89.142944,3299.1333
-216.04198,-120.0513,3287.3264
-265.4449,-146.81671,3284.4917
-322.13333,-159.07999,3263.7222
-369.4339,-95.13783,3233.6465
-399.2885,-100.13274,3228.6042
-425.74353,-101.35785,3221.5037
-452.39334,-102.95224,3216.8354
-474.94843,-102.41945,3205.9
-490.98642,-98.41333,3198.55
-503.39618,-99.83069,3187.404
-508.23563,-114.127426,3229.7195
-553.3318,-86.47012,3252.456
-599.90356,-71.31801,3252.7908
-641.2524,-45.585114,3246.2039
-680.7061,-24.249054,3247.4268
-689.57556,20.661652,3225.0535
-721.49097,134.26428,3183.423
-692.6357,167.01813,3180.3044
-658.2127,205.41185,3182.7668
-634.3637,248.44653,3194.0188
-606.1012,276.04956,3192.3972
-557.4486,299.83444,3185.619
-520.9415,332.45828,3190.6719
-481.80133,364.45456,3201.2583
-427.60693,396.00122,3212.1858
-358.58997,351.31702,3307.482
-267.5589,270.8224,3315.591
-189.5792,207.95256,3280.9043
-109.55034,155.16032,3235.799
-36.33167,124.40903,3177.4565
16.756607,105.5853,3117.3289
86.9635,258.96207,3095.7605
122.41946,334.56802,3064.1292
151.28525,379.82294,3032.0735
200.82678,415.77643,3017.8384
263.42773,452.14297,2997.8755
305.55746,469.9179,2947.2805
379.17218,490.6657,2815.501
421.48993,477.60284,2750.2952
456.47742,462.66788,2678.7969
468.35468,430.46176,2601.431
470.73102,396.22134,2532.3438
467.04663,362.71112,2468.9666
453.03284,330.30273,2419.3367
432.67557,289.1846,2377.947
401.03918,250.1413,2346.6855
375.7148,218.12663,2324.975
345.0243,182.12164,2314.0464
317.5489,145.5818,2314.032
295.83698,116.31589,2326.5193
274.939,92.67058,2338.7588
250.96571,63.34262,2350.3733
240.93115,34.17447,2366.1306
239.4626,6.5966797,2387.5312
240.74028,-15.191925,2420.7134
244.40503,-17.562103,2457.6592
247.39804,-11.059784,2490.2966
241.70317,-15.540619,2522.931
248.5784,4.3486023,2556.0435
254.85486,26.822083,2590.477
266.84116,52.19792,2631.3396
283.40533,90.23532,2667.769
281.08972,42.637726,2626.8884
280.5882,11.657043,2592.7358
255.86003,2.2589264,2575.5005
269.1485,-22.821747,2543.3247
242.46794,16.45932,2523.672
212.63187,34.62195,2497.3765
199.65964,32.48181,2473.3584
188.37105,25.48523,2447.297
187.14835,7.64624,2422.4143
171.39297,125.84857,2509.1191
178.81282,174.45407,2607.7654
229.97928,255.98895,2640.1843
278.55807,342.4602,2625.6602
305.78424,405.8896,2558.6765
313.86102,424.30774,2466.4558
308.66132,478.85706,2260.6052
302.43546,458.501,2207.7954
299.89395,443.4968,2151.9355
298.03278,428.13504,2092.878
296.99774,410.3289,2031.3525
295.49902,385.65417,1972.1748
289.64532,348.84668,1917.199
284.31128,307.15875,1868.0116
279.58618,264.07507,1821.283
273.7233,216.57367,1780.8225
270.32962,172.81099,1747.0292
265.07614,121.773865,1717.037
258.02267,75.29787,1697.9344
252.56078,32.640724,1683.8501
247.73857,-8.756638,1671.3928
246.27968,-47.995422,1664.7057
247.11932,-82.527756,1664.3688
251.54529,-115.28169,1665.7219
258.28317,-144.1319,1671.8646
262.10205,-170.1103,1681.9596
271.54575,-191.06346,1692.4849
277.2635,-208.54373,1707.234
287.62402,-221.27971,1723.6171
294.80878,-231.6431,1740.804
300.92816,-238.7956,1759.3666
301.46628,-240.89441,1779.1694
304.26367,-242.91365,1798.5477
307.68695,-244.89795,1816.7133
303.86203,-241.9281,1834.8328
303.93637,-240.45628,1852.4014
301.9539,-237.24336,1867.7157
297.94812,-232.65137,1881.3857
297.9778,-230.82161,1895.6818
289.51273,-219.38577,1905.8165
286.2791,-207.66823,1918.3868
280.15613,-195.8154,1929.1792
273.57996,-185.40266,1936.083
272.3065,-179.18465,1944.026
271.6637,-176.5803,1949.4996
267.33026,-171.78915,1950.7388
270.16147,-174.3979,1952.3657
272.08997,-179.18678,1950.6646
273.54956,-184.5867,1949.3085
277.2821,-198.27855,1947.1935
283.6015,-215.67268,1945.0337
288.25305,-235.38153,1945.4288
291.60608,-258.20065,1945.6642
294.2963,-282.09106,1947.8003
290.14252,-301.02435,1949.8628
293.04205,-320.48627,1951.8695
296.99576,-337.7174,1956.3927
309.46585,-355.36646,1957.1014
327.75763,-373.17816,1958.9744
349.88864,-391.60513,1960.8949
371.07587,-404.28842,1965.3553
384.28632,-406.11237,1969.5786
396.74197,-405.07114,1973.6642
409.5223,-400.53876,1979.2333
426.57114,-389.71704,1983.6367
439.45105,-375.85205,1989.269
451.6573,-359.85617,1994.2446
465.39526,-335.4214,2002.1145
467.6992,-306.22046,2011.5192
470.36212,-275.6143,2022.7429
486.24988,-245.7977,2030.8926
502.62732,-216.39964,2041.9409
516.78687,-187.20346,2053.4592
525.3903,-155.60735,2065.712
532.19476,-125.80841,2074.8413
539.64026,-99.90071,2084.429
547.8279,-72.958046,2089.1965
549.93005,-49.982224,2092.0908
545.06006,-24.969963,2098.599
547.03577,-3.4931564,2098.79
542.0355,16.255508,2100.9077
533.54175,34.634186,2102.9753
528.77515,46.30858,2100.9893
524.9059,55.154427,2098.4958
519.9537,56.562424,2095.6978
516.4908,54.265778,2090.785
512.79144,42.61889,2078.805
508.61194,32.88375,2070.9954
502.9475,18.955788,2056.9368
495.13553,9.020058,2047.9724
484.78516,-5.425255,2035.9769
474.4638,-21.206375,2021.9846
465.37878,-31.029991,2008.0435
450.752,-46.03398,1998.9326
439.50128,-57.48902,1989.8665
424.33542,-63.261795,1983.2533
404.7682,-66.60147,1975.0454
381.3499,-64.40266,1972.8423
353.66693,-63.757805,1970.3015
337.78265,-68.47382,1968.5073
320.377,-70.77507,1967.191
303.18414,-80.90484,1965.0565
281.07727,-86.97365,1959.5022
261.54242,-98.489655,1953.7423
247.73654,-107.78763,1952.3164
230.3737,-111.90192,1949.1493
212.18188,-119.45685,1945.5768
193.58559,-122.22279,1942.2979
185.80028,-131.09854,1939.6495
173.39406,-137.5464,1933.8114
165.1943,-140.76793,1931.3949
157.6016,-150.87378,1927.2079
146.8097,-155.92267,1923.6105
135.90027,-159.95787,1919.8027
130.93813,-161.98459,1920.3654
127.456856,-169.50186,1921.1526
122.21829,-176.76024,1921.5104
123.025375,-183.9551,1923.6708
128.43079,-194.05759,1926.718
132.59982,-201.13422,1930.2698
137.82632,-210.56432,1937.0464
149.37247,-227.85527,1943.3605
160.21442,-238.44069,1949.563
164.66336,-239.71454,1955.6809
171.8945,-241.84702,1964.2583
179.53003,-243.38332,1971.6035
186.713,-246.20781,1979.3335
191.38962,-249.58528,1983.6693
195.21039,-253.78627,1987.3341
201.11133,-263.8993,1988.6635
198.55951,-261.9528,1989.3331
195.78406,-256.98102,1990.1616
195.40219,-256.99722,1989.0613
193.99976,-260.90442,1988.2485
194.02045,-264.47552,1987.5591
187.03928,-264.23846,1987.2509
178.03394,-254.13313,1982.5938
166.51865,-248.11064,1979.2166
151.7678,-240.57965,1977.5505
140.3838,-232.80962,1973.7458
123.19616,-217.41498,1967.8558
106.1057,-201.71904,1962.3903
89.0921,-184.32892,1958.6748
71.54801,-160.17036,1954.3248
58.293686,-136.56628,1951.6609
40.687347,-112.23913,1947.329
24.841385,-82.12932,1944.1416
11.48764,-49.496155,1942.06
-2.7286682,-22.714996,1945.5333
-19.345764,10.150665,1950.2228
-33.62401,37.62776,1955.1147
-46.771606,66.84775,1961.0359
-61.377472,90.92151,1966.4706
-73.164505,110.46828,1972.6876
-90.050186,132.2522,1980.814
-96.48114,147.66507,1991.9136
-101.15184,156.40192,1999.9716
-108.49979,163.25185,2004.9812
-116.194626,165.65744,2007.9714
-123.548676,166.35728,2012.47
-121.25336,161.69179,2017.7202
-122.10959,153.85031,2020.3221
-127.99919,144.94142,2021.1052
-132.95825,134.98218,2019.5175
-135.95268,122.487366,2016.6995
-140.95479,111.73248,2012.2725
-146.43694,101.36565,2007.586
-152.21791,94.6604,2003.7177
-158.60344,88.81729,1999.3114
-157.30063,83.394226,1996.1125
-154.65045,76.18642,1994.5281
-152.34682,69.563965,1993.2009
-150.69705,62.24733,1994.026
-153.36948,58.101257,1997.4696
-157.71225,54.020477,2000.6759
-165.91629,48.471375,2004.7697
-182.05362,36.208176,2011.3472
-201.54651,26.081772,2019.6324
-221.3919,16.0233,2032.7893
-246.25027,3.0015411,2045.3821
-274.07388,-10.996918,2055.7048
-304.01517,-19.977997,2064.8855
-317.00873,-29.963974,2075.4832
-320.01114,-39.462265,2080.771
-310.01685,-53.22438,2087.8926
-285.03824,-63.110214,2089.9568
-247.03009,-67.56151,2088.4973
-199.98347,-70.777016,2090.7505
-147.98163,-65.88574,2088.8809
-92.48,-58.451736,2082.937
-32.75625,-45.73699,2074.951
25.137085,-28.39035,2067.9417
80.56,-11.733772,2060.4075
131.23154,7.583763,2051.129
-192.59453,60.316193,1859.457
-183.79205,54.655792,1864.2399
-170.41283,50.808197,1872.6373
-159.68768,50.40695,1885.839
-145.81007,50.72644,1899.9149
-129.89568,47.86609,1915.9656
-114.43715,48.42108,1938.0338
-96.811966,49.634674,1961.5406
-78.06683,48.636383,1991.5118
-56.522682,52.29608,2022.3777
-43.750023,56.139343,2055.282
-29.608467,58.363464,2089.005
-16.920746,58.07498,2125.524
-11.104866,62.908295,2163.7522
-0.6500015,69.86279,2200.3423
2.0326996,68.33536,2236.258
3.0298386,66.660736,2268.0894
5.037918,66.83148,2305.0093
8.943314,71.84442,2340.9724
-4.131363,64.2999,2386.4968
-15.306156,60.519867,2438.271
-29.666264,51.36917,2478.0183
-32.946392,55.705505,2518.2356
-13.70616,65.589935,2483.374
-2.7037678,58.154785,2470.6626
-3.367485,13.416992,2528.7236
-9.05758,8.2099,2555.3674
-14.975382,31.963593,2570.1216
-17.429707,41.79074,2582.1772
-15.700827,48.341858,2586.3699
-10.892803,42.16095,2581.4487
-12.74305,46.199463,2574.1738
1.077343,30.81659,2568.3362
10.39748,31.470673,2542.3203
23.482784,32.21353,2526.3225
84.88396,23.806732,2479.1194
87.075485,34.62619,2457.888
91.98482,41.188477,2438.543
101.98946,48.157562,2415.42
110.73908,55.646454,2392.5515
126.86687,57.502777,2367.5059
143.0886,55.682953,2334.689
159.27866,68.576675,2310.7292
173.99683,62.988037,2266.4192
184.98444,54.400482,2224.7456
191.36003,58.433105,2191.329
202.84969,55.62558,2162.9302
216.77718,53.165924,2136.0933
229.79837,61.804688,2116.7256
247.4764,69.763855,2124.4104
257.98837,82.21002,2098.787
266.4364,83.14099,2072.449
274.7507,80.30994,2046.1047
283.8683,85.15134,2030.5557
290.93246,87.07376,2014.7784
298.9624,93.03238,2002.8958
306.98456,96.51633,1994.9525
312.9978,99.02576,1987.9065
323.5054,103.0206,1978.4574
328.4083,105.409515,1974.8848
337.92795,102.64111,1966.3582
360.4217,110.7894,1975.4252
367.279,109.065094,1953.6444
388.6038,108.01453,1945.0151
396.13916,101.75006,1922.3352
418.20776,101.52237,1914.6945
426.38513,100.93695,1890.9056
442.20865,101.82553,1870.6854
466.07703,102.75958,1854.5471
488.57272,103.432846,1834.1825
512.29297,99.450226,1812.6691
538.0487,100.28171,1791.8442
564.48596,99.477646,1769.208
589.76807,95.24866,1742.997
614.6497,90.4749,1715.1791
639.48376,90.914764,1688.1523
662.63776,92.800476,1663.3422
685.84344,99.17436,1642.9663
708.18695,104.82657,1625.6022
730.1783,108.56564,1609.4417
753.9228,113.13315,1596.8486
802.6458,93.473175,1595.3324
842.0269,116.84082,1590.7843
882.11505,95.111694,1597.1133
863.442,111.92111,1588.3572
858.014,122.32901,1583.724
828.90985,118.91348,1551.6173
779.26306,97.92349,1506.7186
749.1295,88.35953,1474.563
731.2233,87.3152,1451.228
721.5229,85.508865,1431.0737
714.7259,82.359055,1412.052
711.0181,82.097824,1392.8201
706.70044,77.35495,1372.0602
702.657,97.53989,1353.5833
733.1084,132.93118,1305.8774
745.6629,131.3263,1281.1465
748.49023,133.46011,1264.4712
744.91833,132.83612,1241.3632
749.91156,87.95239,1227.7473
752.2141,38.581818,1222.407
753.7199,3.5733032,1231.0616
748.8966,-20.062836,1218.6888
736.48553,-21.595093,1130.3344
707.44214,-20.23944,1047.3031
678.38995,-27.407318,1000.1105
662.1329,-31.673416,980.2833
654.0199,-33.98004,971.86346
650.2475,-35.182068,968.41394
648.64514,-35.79901,967.185
648.08295,-36.113953,966.93976
647.9972,-36.27423,967.10724
648.11725,-36.355118,967.4249
648.3223,-36.394165,967.7771
648.57965,-36.40863,968.12463
648.78534,-36.416138,968.416
648.94977,-36.420013,968.65607
649.081,-36.421906,968.8515
649.1858,-36.422867,969.00977
649.2695,-36.423187,969.13715
649.3363,-36.423218,969.2397
649.3895,-36.42311,969.32184
649.4323,-36.42282,969.3877
649.4664,-36.422516,969.4404
649.4936,-36.422165,969.4826
649.51544,-36.42177,969.5164
649.53284,-36.421387,969.5435
649.54675,-36.421036,969.5651
649.5579,-36.420624,969.5824
649.56683,-36.420242,969.5962
649.574,-36.419846,969.60724
649.57965,-36.419464,969.6161
649.58417,-36.419052,969.62317
649.5879,-36.418655,969.6288
649.5909,-36.41826,969.6333
649.5932,-36.417862,969.63684
649.59515,-36.41745,969.6398
649.5966,-36.417053,969.642
649.59784,-36.416687,969.64386
649.5989,-36.41629,969.64526
649.5997,-36.41588,969.6464
649.6003,-36.415466,969.64734
649.6008,-36.4151,969.6481
649.60126,-36.414703,969.6486
649.6016,-36.41429,969.64905
649.60187,-36.41388,969.64935
649.6021,-36.413513,969.64966
649.60236,-36.413116,969.6499
649.6024,-36.412704,969.65
649.60254,-36.412308,969.65015
649.60266,-36.41191,969.6502
649.6027,-36.41153,969.6502
649.6028,-36.411102,969.65027
649.6029,-36.410736,969.6503
649.6029,-36.41034,969.6503
649.6029,-36.409943,969.6502
649.60297,-36.409546,969.6502
649.60297,-36.40915,969.65015
649.603,-36.408752,969.6502
649.603,-36.40837,969.65015
649.603,-36.40793,969.6501
649.6031,-36.40753,969.65
649.6031,-36.407166,969.64996
649.6031,-36.406754,969.65
649.60315,-36.406372,969.64996
649.60315,-36.40596,969.6499
649.60315,-36.405594,969.64984
649.6032,-36.40518,969.6497
649.6032,-36.404755,969.6498
649.6033,-36.40439,969.64966
649.6033,-36.404007,969.6496
649.6033,-36.40361,969.64954
649.60333,-36.403214,969.6495
649.60333,-36.4028,969.6495
649.60333,-36.402405,969.6494
649.6034,-36.402008,969.64935
649.6034,-36.40158,969.6493
649.6034,-36.401215,969.64923
649.60345,-36.400818,969.6492
649.60345,-36.400436,969.6492
649.60345,-36.400024,969.6491
649.6035,-36.399643,969.64905
649.6035,-36.399246,969.649
649.6035,-36.398865,969.6489
649.6036,-36.398422,969.6489
649.6036,-36.39804,969.64886
649.60364,-36.39766,969.6488
649.60364,-36.397247,969.64874
649.60364,-36.396866,969.6487
649.6037,-36.396454,969.6487
649.6037,-36.396072,969.6486
649.6037,-36.39569,969.64856
649.60376,-36.395264,969.64844
649.60376,-36.39485,969.64844
649.60376,-36.3945,969.6484
514.14795,144.48926,933.3962
161.56537,169.9155,946.5636
-27.420837,107.40112,917.6082
-64.98903,100.51111,880.0034
-81.90923,97.494934,859.0895
-89.867,96.15411,848.15454
-93.71643,95.533264,842.57495
-95.60794,95.23724,839.75934
-96.54466,95.09485,838.34717
-8.124663,98.61453,829.15106
94.82102,3.3448486,924.2499
151.43987,-61.94281,967.6503
180.2516,-98.88214,987.3963
194.67957,-118.38168,996.6768
201.88486,-128.3808,1001.156
205.48224,-133.44055,1003.3527
142.5008,-120.035065,946.6603
112.20951,-112.84468,912.2826
97.59957,-109.05032,893.6564
90.45742,-107.093765,883.9975
86.93157,-106.099014,879.0842
85.18157,-105.59685,876.6079
84.317055,-105.34212,875.3695
83.8944,-105.211426,874.75476
83.699776,-105.14046,874.4578
83.68247,-105.07901,874.3602
235.19318,-67.28305,982.5831
324.38794,-52.854095,1012.64484
371.1396,-45.139206,1020.98456
394.879,-40.95392,1023.45764
284.91818,-159.79079,681.3334
299.5459,98.00043,634.9943
414.4465,191.96338,675.8777
468.6577,234.63177,716.6549
494.11456,253.7201,741.5621
506.33762,262.57288,755.0334
512.3119,266.81116,762.0066
515.26306,268.88098,765.54956
516.7291,269.90295,767.3342
517.4582,270.40857,768.2268
517.8168,270.65332,768.6635
517.99316,270.7716,768.8768
518.0418,270.7754,768.90686
518.0661,270.77734,768.9219
518.07825,270.77844,768.9294
518.08435,270.77905,768.93317
518.08734,270.77942,768.93506
518.08887,270.77966,768.93604
518.08966,270.77985,768.9366
518.08997,270.78003,768.9368
518.09015,270.78015,768.93695
518.0902,270.78033,768.937
518.0902,270.78052,768.9371
518.0903,270.78064,768.9371
518.0903,270.78082,768.9371
518.0902,270.78094,768.93713
518.0902,270.78113,768.9372
518.0902,270.78125,768.9372
518.09015,270.78143,768.9372
518.09015,270.78162,768.93726
518.09015,270.78174,768.93726
518.0901,270.78192,768.93726
518.0901,270.78204,768.9373
518.0901,270.78223,768.9374
518.0901,270.78235,768.9374
518.09,270.78253,768.93744
518.09,270.7827,768.9375
518.09,270.78284,768.9375
518.08997,270.78296,768.9375
518.08997,270.78314,768.9375
518.08997,270.78333,768.93756
518.0899,270.78345,768.93756
518.0899,270.78363,768.93756
518.0899,270.78375,768.9376
518.08984,270.78394,768.9377
518.08984,270.78406,768.9377
518.08984,270.78418,768.93774
518.0898,270.78436,768.93774
518.0898,270.78455,768.9378
518.0898,270.78467,768.9378
518.0897,270.78485,768.9378
518.0897,270.78497,768.93787
518.0897,270.78516,768.9379
518.08966,270.78528,768.9379
518.08966,270.78546,768.9379
518.08966,270.78564,768.938
518.0896,270.78577,768.93805
518.0896,270.7859,768.93805
518.0896,270.78607,768.93805
518.08954,270.78625,768.9381
518.08954,270.78638,768.9381
518.08954,270.7865,768.9381
518.0895,270.78668,768.93823
518.0895,270.78687,768.93823
518.0895,270.787,768.93823
518.0894,270.78717,768.93823
518.0894,270.7873,768.93835
518.0894,270.78748,768.93835
518.08936,270.7876,768.93835
518.08936,270.78772,768.93835
518.08936,270.7879,768.9384
518.08936,270.7881,768.9385
518.08936,270.7882,768.9385
518.08936,270.7884,768.9385
518.08936,270.78857,768.93854
518.0893,270.7887,768.9386
518.0893,270.78882,768.9386
518.0893,270.789,768.93866
518.08923,270.78918,768.93866
518.08923,270.7893,768.93866
518.08923,270.7895,768.93866
518.0892,270.78967,768.9388
518.0892,270.7898,768.9388
518.0892,270.78992,768.9388
518.0891,270.7901,768.93884
518.0891,270.79028,768.9389
518.0891,270.7904,768.9389
518.08905,270.7906,768.9389
518.08905,270.7907,768.9389
518.08905,270.7909,768.93896
518.089,270.79102,768.93896
518.089,270.7912,768.939
518.089,270.79132,768.9391
518.0889,270.79144,768.9391
518.0889,270.79163,768.93915
518.0889,270.7918,768.93915
518.08887,270.79193,768.9392
518.08887,270.7921,768.9392
518.08887,270.79224,768.9392
518.0888,270.79242,768.9392
518.0888,270.79254,768.93933
518.0888,270.79272,768.93933
518.08875,270.79285,768.93933
518.08875,270.79303,768.93933
518.08875,270.7932,768.93945
518.0887,270.79333,768.93945
518.0887,270.79352,768.93945
518.0887,270.79364,768.9395
518.0886,270.79382,768.9395
518.0886,270.79395,768.9395
518.0886,270.79413,768.9396
518.08856,270.79425,768.93964
518.08856,270.79443,768.93964
518.08856,270.79456,768.93964
518.0885,270.79474,768.9397
518.0885,270.79486,768.93976
518.0885,270.79504,768.93976
518.0885,270.79517,768.93976
518.08844,270.7953,768.9398
518.08844,270.79547,768.9398
518.08844,270.79565,768.9399
518.0884,270.79578,768.9399
518.0884,270.79596,768.93994
518.0884,270.79614,768.94
518.0883,270.79626,768.94
518.0883,270.7964,768.94
518.0883,270.79657,768.94006
518.08826,270.79675,768.94006
518.08826,270.79688,768.94006
518.08826,270.79706,768.9401
518.0882,270.79724,768.9402
518.0882,270.79736,768.9402
518.0882,270.79755,768.9402
518.08813,270.79767,768.9403
518.08813,270.79785,768.9403
518.08813,270.79797,768.9403
518.0881,270.79816,768.9403
518.0881,270.79828,768.94037
518.0881,270.79846,768.94037
518.088,270.79865,768.9404
518.088,270.7987,768.9404
518.088,270.7989,768.9405
518.08795,270.79907,768.9405
518.08795,270.7992,768.94055
518.08795,270.79938,768.94055
518.0879,270.7995,768.9406
518.0879,270.79968,768.9406
518.0879,270.7998,768.9406
518.0878,270.8,768.9407
518.0878,270.80017,768.94073
518.0878,270.8003,768.94073
518.08777,270.8004,768.94073
518.08777,270.8006,768.94086
518.08777,270.80078,768.94086
518.08777,270.8009,768.94086
518.0877,270.80103,768.94086
518.0877,270.8012,768.9409
518.0877,270.8014,768.9409
518.08765,270.8015,768.941
518.08765,270.8017,768.94104
518.08765,270.80188,768.94104
518.0876,270.802,768.94104
518.0876,270.80212,768.9411
518.0876,270.80225,768.94116
518.0875,270.80243,768.94116
518.0875,270.8026,768.94116
518.0875,270.80273,768.94116
518.08746,270.80292,768.9412
518.08746,270.8031,768.9413
518.08746,270.80322,768.9413
518.0874,270.80334,768.9413
518.0874,270.80353,768.94135
518.0874,270.8037,768.9414
518.08734,270.80383,768.9414
518.08734,270.80402,768.94147
518.08734,270.8042,768.94147
518.0873,270.80432,768.94147
518.0873,270.80444,768.94147
518.0873,270.80463,768.9416
518.0872,270.8048,768.9416
518.0872,270.80493,768.9416
518.0872,270.80505,768.94165
518.08716,270.80524,768.9417
518.08716,270.80542,768.9417
518.08716,270.80554,768.9417
518.0871,270.80573,768.9417
518.0871,270.80585,768.9418
518.0871,270.80603,768.94183
518.0871,270.80615,768.94183
518.0871,270.80627,768.9419
518.0871,270.80646,768.9419
518.08704,270.80664,768.94196
518.08704,270.80676,768.94196
518.08704,270.8069,768.942
518.08704,270.80707,768.942
518.087,270.80725,768.942
518.087,270.80737,768.942
518.087,270.80756,768.94214
518.0869,270.80768,768.94214
518.0869,270.80786,768.94214
518.0869,270.80798,768.9422
518.08685,270.80817,768.94226
518.08685,270.80835,768.94226
518.08685,270.80847,768.94226
518.0868,270.80865,768.9423
518.0868,270.80878,768.9423
518.0868,270.80896,768.9423
518.08673,270.80908,768.9424
518.08673,270.80927,768.94244
518.08673,270.80945,768.94244
518.0867,270.80957,768.94244
518.0867,270.80975,768.9425
518.0867,270.80988,768.94257
518.0866,270.81,768.94257
518.0866,270.81018,768.94257
518.0866,270.8103,768.9426
518.08655,270.8105,768.9427
518.08655,270.81067,768.9427
518.08655,270.8108,768.9427
518.0865,270.81097,768.94275
518.0865,270.8111,768.9428
518.0865,270.81128,768.9428
518.0864,270.8114,768.9428
518.0864,270.81158,768.9429
518.0864,270.8117,768.9429
518.08636,270.8119,768.9429
518.08636,270.812,768.94293
518.08636,270.8122,768.943
518.0863,270.81238,768.943
518.0863,270.8125,768.94305
518.0863,270.81268,768.9431
518.08624,270.8128,768.9431
518.08624,270.813,768.9431
518.08624,270.8131,768.9431
518.0862,270.8133,768.9432
518.0862,270.81342,768.9432
518.0862,270.8136,768.94324
518.0862,270.81372,768.94324
518.0861,270.8139,768.9433
518.0861,270.81403,768.94336
518.0861,270.8142,768.94336
518.08606,270.81433,768.94336
518.08606,270.8145,768.9434
518.08606,270.81464,768.9434
518.086,270.81482,768.9434
518.086,270.81494,768.94354
518.086,270.81512,768.94354
518.08594,270.8153,768.94354
518.08594,270.81543,768.94354
518.08594,270.81555,768.94366
518.0859,270.81573,768.94366
518.0859,270.81592,768.94366
518.0859,270.81604,768.94366
518.0858,270.81622,768.9437
518.0858,270.81635,768.9437
518.0858,270.81653,768.9437
518.08575,270.81665,768.94385
518.08575,270.81683,768.94385
518.08575,270.81702,768.94385
518.0857,270.81714,768.94385
518.0857,270.81732,768.944
518.0857,270.81744,768.944
518.08563,270.81757,768.944
518.08563,270.81775,768.944
518.08563,270.81787,768.94403
518.0856,270.81805,768.94403
518.0856,270.81824,768.9441
518.0856,270.81836,768.9441
518.0855,270.81854,768.94415
518.0855,270.81866,768.94415
518.0855,270.81885,768.9442
518.08545,270.81897,768.9442
518.08545,270.81915,768.9443
518.08545,270.81934,768.9443
518.08545,270.81946,768.9443
518.0854,270.81964,768.94434
518.0854,270.81976,768.9444
518.0853,270.81995,768.9444
518.0853,270.82007,768.9444
518.0853,270.82025,768.9445
518.0853,270.82037,768.9445
518.08527,270.82056,768.9445
518.08527,270.82068,768.9445
518.08527,270.82086,768.9446
518.0852,270.82104,768.9446
518.0852,270.82117,768.9446
518.0852,270.8213,768.9447
518.08514,270.8214,768.9447
518.08514,270.8216,768.9447
518.08514,270.82178,768.94476
518.0851,270.8219,768.9448
518.0851,270.82208,768.9448
518.0851,270.8222,768.9448
518.085,270.8224,768.9448
518.085,270.8225,768.9449
518.085,270.8227,768.94495
518.08496,270.82288,768.94495
518.08496,270.823,768.94495
518.08496,270.82318,768.945
518.0849,270.8233,768.94507
518.0849,270.8235,768.94507
518.0849,270.8236,768.9451
518.08484,270.8238,768.9451
